2.641831841468602 0.15385070213951202
2.6321771696945477 0.09942597261280599
2.5771666412976977 0.21787978186452114
2.4983606869956465 0.6418700069718801
2.4000022996745565 0.672102155099078
2.4216289102768336 0.7725189683490208
2.5209569192033987 1.0580092576271891
2.6954104471505547 0.9823629916527183
2.6298358565605233 1.0825128162462094
2.4755675157100936 1.0442610221042783
2.4154033744477896 1.051157758766263
2.208238080667661 1.3230249415393498
2.315627180584646 1.3103847549284104
2.230950168949206 1.5342008134710174
2.2228112830335887 1.436810020894842
2.2042860254900027 1.6176040828908946
2.233799658582381 1.5893523836234498
2.2312718766462725 1.7476709900634488
2.2019296515303246 1.7892758012902714
1.8639765023608965 1.669280481502641
1.7803027571520218 1.6596751711019575
1.276857778185054 1.6447870803638769
1.258524016807157 1.551279145665148
0.8470168339999382 1.684088546034773
0.8538910314192604 1.6354019665904183
0.768909724011231 1.4413786655134084
0.6716870168910262 1.3592659529040163
0.6296950036721594 1.375595093285487
0.5646624463229915 1.4121001568393237
0.4980153057597656 1.5613020495759982
0.4364678923122314 1.7555909104361893
-0.12239171237248603 1.342154232942672
-0.11857817335135191 1.26708459531052
-0.20878134765221146 0.8724968162838562
-0.20766522278757132 0.8365005982954581
-0.2786345887216454 0.900560836299009
-0.29946994095121143 0.8925713697856548
-1.4165774009960381 1.0334418242748376
-1.6926154564213762 0.9601412944384478
-1.6064920783067547 0.8615213002149386
-1.5369714888987 0.7114456222510686
-1.4227821462993056 0.6534371352430702
-1.3083692927368125 -0.02780900926864107
-1.408897112495326 0.3145168245103386
-1.3401499708393876 -0.14263593746379288
-1.434244886343242 0.08571155953074588
-1.3898151553963731 -0.12188826893455539
-1.4212805862325646 -0.19007858052848392
-1.502725345840545 -0.37731239129125643
-1.5220940499630569 -0.33439083205353937
-1.6263364326278662 -0.39316388421975057
-1.7227053402767765 -0.4536029891444388
-1.7803842994591748 -0.5540892618240676
-1.7147395408192483 -0.7807759034425097
-1.7078884439545388 -0.9936207260595029
-1.7586811368868853 -0.844014279865678
-1.7452866023238838 -0.9016681582422639
-1.6585402233446744 -1.11989402474919
-1.6069647592406517 -1.1027666670493286
-1.554223290988722 -1.2452890777445214
-1.6136796543172003 -1.2212446245278668
-1.6017508868487047 -1.303712443067534
-1.6342708886948614 -1.4017154634421105
-1.6065982257011944 -1.495756988356176
-1.6413007508330764 -1.6293427792057695
-1.6040647856749004 -1.7624936802270574
-0.0070987042626770025 -0.758882137515352
0.5695172764117966 -0.5619561158386571
0.5695211024530976 -0.8013790329003047
0.5547554326980544 -0.7680232205438375
0.5353034156503765 -0.8003285967808483
1.0158974015711397 -0.7176041041119756
0.7983146594051678 -0.6914645148196252
0.996027722423203 -0.5983044018681323
0.9814701522042432 -0.6007059844573431
1.6418246864228443 -0.9787567895058793
1.8635332292791271 -1.093033715430494
2.7802651856353284 -1.131726843139548
2.3702715372355994 -0.42742505837644174
2.3926990458656485 -0.4129803065530743
2.5529282089647345 -0.02121996084118522
2.621039445853662 -0.040534830367488325
-1.4822877298918222 -0.34999346524622976
-1.6149899289223977 -0.4882742885789948
-1.6733407234473128 -0.5761950759803354
-1.6240883272648379 -0.7824424016459988
-1.642692278511606 -0.7539234979557248
-1.582915879295588 -1.006476755856859
-1.647435226938799 -0.9369651619378936
-1.5961311537212506 -0.9526068881025758
-1.5550284954391957 -1.184007020153476
-1.4971205011822475 -1.315553125413834
-1.5575084448291587 -1.4033177007151596
-1.5007565512120715 -1.4043029009517514
-1.5485241776274405 -1.4931048558729438
-1.567296735931755 -1.5983381728465895
-1.6352893146546297 -1.678957267301136
-0.012288395085424843 -0.8913305684650696
0.1815861939116682 -0.8178294974230038
0.2165482778555033 -0.7181953234303856
0.5047293951902752 -0.5654918319150015
0.9384875159733742 -0.5107467153722738
0.9425133433623905 -0.5026572161005043
1.048516775174108 -0.7226827517040515
3.068029658548996 -1.2506564148246815
2.256648623492322 -0.43045653163189274
2.466787583331967 -0.17347737092645346
2.3083402657302727 0.1053103426434702
2.388729973827126 0.13055226024606945
2.3520842441096526 0.13493544803138344
2.438805800629568 0.4692341010654832
2.3231689658446104 0.37915787904561815
2.472309466362148 0.5108151683700448
2.4326458530744532 0.5690529849092163
2.6955253546050764 0.937931625981276
2.5727671958091554 1.0244425530061587
2.483824606280696 1.0243362073135356
2.4009477156621815 1.0287088931507644
2.2387877659291355 1.1322400923884786
2.230152185578936 1.2608314935147287
2.2111507277109324 1.4468889172343085
2.237801291157307 1.6462628866982778
1.7842152267315643 1.5977145457232642
1.6714818218216458 1.5977385769807362
1.390699197063868 1.4876931490236927
1.2999424388285885 1.4512056693259707
1.200849837547619 1.53555293521188
0.8992577473731267 1.6107620065022612
0.8013553442928986 1.4337915849477638
0.7528916411266222 1.3310516106699861
0.6499907245111396 1.2550841871626037
0.6072904469529692 1.5055535523961685
0.5128464368545418 1.6166719761195172
0.46881320835030926 1.7578871829045162
-0.08682313907420044 1.374671776397359
-0.08066386526699677 1.2931762656930015
-0.02349328388001564 0.9319572548282684
-0.2619406511921787 0.9046032574258902
-0.33293475419010876 0.9448634844227801
-0.5484148957478664 0.9380862235693779
-0.6044290291899947 0.9309027912128238
-1.5551961685432258 0.8942260976314654
-1.4598452101501975 0.805171178173443
-1.3807170276631604 0.4895350001942203
-1.2983487011449668 0.33541999249341137
-1.3954600137997524 0.4096527860133511
-1.2633282545771767 0.024268583252416577
-1.3018124538208906 0.04472755604779528
2.636580991719872 0.05129472392497096
2.4811344351471094 0.4512712989541612
2.538208931710317 0.4988413298115446
2.5052804525679333 0.7370059306497451
2.5109259528961507 0.7930090564535877
2.5532466042847215 1.1175889499884633
2.469549324297925 1.1181737448392597
2.340346153426501 1.3006895781321413
2.2725281622250892 1.5125185699402188
1.694517335818512 1.645398704026857
1.595985737352501 1.6099288812506645
1.5050371238353928 1.604046465306781
1.327140118271583 1.559200722385326
0.6851327903052314 1.4104500352088911
-0.02039868808193151 0.9034386100568794
-0.12277576742518825 0.8063662300673345
-0.5539610184841051 0.9679046312590764
-0.8462351504956087 1.1048286720538631
-1.4369766414680514 0.4950913220960681
-1.4968916406768944 -0.22808237565829304
-1.5485673198044203 -0.4275389634562833
-1.6598757023489208 -0.5381013760180705
-1.669260046027389 -0.66059260897763
0.2035524206099823 -0.6135089961167404
0.4738052481239075 -0.5580080007879888
0.726878236358553 -0.6844756821743001
2.7757380346125267 -1.3793697941863523
3.143339464239563 -1.3214059118778707
2.5363728064335422 -0.04328025896454549
2.6126577579173715 -0.060168377889116574
-1.5417248304261162 -1.105340102040805
0.19549106100803457 -0.827078518452466
0.24323389197350548 -0.6638265119234187
0.8707133828613522 -0.48608547120172263
1.6729085374624444 -0.9326241768554044
2.772122437148831 -1.3753541882639146
2.532694645556421 -0.19279071140796317
2.525666387681117 -0.15027122208422572
2.6059725568351415 0.06733556630954675
2.5159106204965154 0.3396634305751071
2.6183289104814005 0.8806321484843233
2.3204590662132176 1.1683074788710184
1.7519993859331655 1.5846093084531419
1.5524914631718314 1.5698047461599893
0.9595220444237984 1.7107997577817593
0.9195159989535133 1.5777327229079365
0.586042025285368 1.605909819413878
-0.8134772236718293 1.1944767336647528
-0.8829277202258102 1.152388823722703
-0.9053913421716588 1.0858100813796732
-1.3075880829974755 0.5259063363425867
2.3712032544293593 0.35194748662137154
2.374243791782408 0.5984470934601014
2.365060766858229 0.6538573311722637
2.231463353801745 1.5079828744929622
2.256827781461457 1.7577284501331656
2.2209972330052463 1.9368079972047654
2.040099505981595 2.078382788231084
1.9480632267080362 2.011985318274145
1.5771134549001162 1.6361009877551258
1.5106643986369621 1.5736275389746885
1.3401007401997824 1.4320906831803244
1.1326506639615688 1.5840183946877993
-0.2963038669197212 1.312634624637584
-0.4313005469293573 1.3454016897171974
-0.6172023412815439 1.387034847544328
-1.005579942233083 1.1306612029415921
-1.1996269039552327 1.1384756131837972
-1.4967890551221261 0.6205160718698666
-1.4402090271578372 0.5486069558585076
-1.4237459845470606 0.37886162434463844
-1.433093049285801 0.2706972247615847
-1.3799187308309409 0.19793556564194992
-1.4450507175197744 0.13580025762168363
-1.405319215474051 0.09068980192764359
-1.4364768521968116 0.03854997613542264
-1.456355813916911 -0.056664655590512314
-1.5816872021022768 -0.16196926504529413
-1.6067312724128322 -0.26890844005553494
-1.6453351726164858 -0.34465747874394015
-1.7480753472491055 -0.7541225012834883
-1.6584807846501866 -1.1548667260772083
-0.3275394007963176 -0.8664287776684318
0.491281305511364 -0.6130709377062372
0.5161163626790609 -0.752516955893014
0.6833990741947054 -0.7444454322777094
0.966774690435939 -0.7111037318854145
1.0005769459404275 -0.7761918607624774
0.9807154452496685 -0.8666125085705942
1.114392126778407 -1.1454546990957968
1.071284993994211 -1.1420108511940865
1.4775931975464638 -1.491867805701579
2.203031755346553 -0.40825620424891584
2.6645569808657283 -0.10448768450359618
2.6972756710740837 -0.08011019304862901
2.727593521901455 -0.06556700271255658
-1.3068794175250118 -0.02458833035113626
-1.5889540577402497 -0.3264954269422381
-1.838200067856375 -0.6497195656001828
-1.8557208353663688 -0.7631267378971223
-1.8068035292355267 -0.8040380449955746
-1.8131938785832062 -0.8688464009794363
-0.25496532269476213 -0.8792473541363239
0.08174950154296268 -0.7664976816551055
0.4368546169049643 -0.5602462733205272
0.39358631716148396 -0.5753883497111516
0.8616646254673581 -0.6104402856514786
1.0598115920837299 -1.1194711306935732
1.1008604867644167 -1.192870949274786
2.007570516975468 -1.1946521921094757
2.5341074495399694 -1.1090172974724748
2.1041790084667245 -0.3462752251181437
2.1715835290561136 -0.3731820459184332
2.452082763287155 -0.22972375172747556
2.2935639086545168 0.20769126243276398
2.2927209547446448 0.5297731368245657
2.6006835657211362 0.9093447798172845
2.501316075233241 0.9581401110169395
2.25568241051306 1.0607353798361858
2.282921195303143 1.6766924836603798
2.0213993758928 2.0056484936057917
1.3199350066684983 1.3608613748346188
1.2931075576967423 1.5449440598432087
0.9415429424125572 1.629608898541031
0.8293488983739588 1.3438205835837616
0.695047774935478 1.2675736161926041
-0.4053361737981117 1.3790326425955768
-0.5844597219943966 1.4369921322946562
-1.1147671375600199 1.1165336560395476
-1.6683301914315125 1.019126053499988
-1.3369678278698418 0.2832965767539044
-1.369812741605955 0.020889188187943077
2.395545816068976 0.3604915607228709
2.3028562364686356 0.5006084982742965
2.426251993861865 0.7397013752891982
2.2606834629641677 0.974966762457256
2.2476062914476755 1.2043393634640958
1.3632422900706964 1.531790408269589
0.11165942497102264 1.2923723439305872
-0.8530315079865987 1.2072768713061284
-0.9232588601864826 1.18579455408195
-1.564636301377433 0.9592529782339172
-1.7033865084992645 0.9083576253134216
-1.4753016783205468 0.3659625490659218
-1.6581467510396828 -0.2781721565677605
-1.7203977788987985 -0.3880819370750535
-1.7537164240273602 -0.5014650009812608
-1.820052940020977 -0.5866326682463838
0.2654235693507555 -0.7783725655218858
0.4154889903156955 -0.8109473703559662
0.8528495183773093 -0.6418446183649545
0.9611522511863233 -0.6594660871490549
1.0271774920721286 -1.1413133459421343
1.839318412501192 -1.1053902919050398
2.732243140913304 -0.37586496226008614
2.6705062407605302 -0.13823393983217552
0.4643047819630094 -0.780397784800739
0.5700876335647163 -0.7379495358516552
0.955175468145275 -0.8800467732560211
0.957652974318306 -0.9611068091517617
2.3594578041074565 -0.4504584817497397
2.4744634258405434 0.0018041714475872292
2.4044502217668136 0.005671783468919153
2.444653363299266 0.8995979996175545
2.291932070705047 0.9407041312996492
2.2258222173758044 1.8214891029701032
2.144329231250279 1.9899325605586182
1.426205349770444 1.5877186513497454
0.5745495704340375 1.671480876298679
-1.3577714962465786 0.15821433560608947
2.53573833365418 0.5224481823460786
2.25792853082719 1.3727657356069596
2.1669909628105284 1.4779302739546538
-0.6776267515564643 1.4073613557203544
-1.3441654870221393 0.647520766847315
-1.4410111097587808 -0.24072519883270116
2.5754811454831357 -0.22163453986433532
2.5917457176090846 -0.1395500184472267
2.6798402235914756 -0.029263903040966505
-1.6194389099521926 -0.5765228676582175
0.37646683505126366 -0.6207646269774757
1.0352808523879395 -0.5471702236353279
2.6183548492846334 0.80735239098404
2.7220967572185626 0.9031130850232357
2.6361635608728102 1.0181853981160631
2.4020524575298303 1.172552067926155
2.3631089942030163 1.23204743476735
1.2109811827836394 1.484783006012642
0.9033354974541896 1.526781247932785
-0.045492037520794136 0.854790310264574
-0.748556470602493 1.1509961817135361
-1.2808792798659365 0.20310723809452919
-1.2478769675956716 0.09981540252396455
-1.2358157931736513 0.02024330793927933
2.367306314777855 0.02295307484516195
2.2909759633108466 0.19984621522197538
2.3389056631818717 0.2507823984215691
2.4009044948355487 0.3272799359471004
0.3750227079472488 1.7566723656712162
-0.7729148010268991 1.2447091205456864
-1.504798359107601 0.5709548686163084
-1.4168041529485742 0.4398572272833265
-1.2609104292436228 0.14198300056756927
-1.3585820271655793 -0.049858431449939206
-1.4446782955981725 -0.12515303424428517
-1.6139304718048495 -0.22614938495846706
-1.596468101201345 -0.8794744156753509
0.9478268618078922 -0.7837574160841938
2.2348976456738314 -0.45042990137966105
2.709421022762279 -0.8353815336267254
2.975729603951901 -0.8499337151033676
2.6911556587235315 -0.20773286377751138
2.4607846047235857 -0.013502651842856664
-1.8869320363585866 -0.6625770481455645
-1.85307145256977 -0.8278413986941469
0.9999412676361351 -1.1000124565150426
2.123833079903836 -0.3960873696045322
2.6511007581806925 -1.3212860412100507
2.2762866571624194 1.2067765671714112
1.3382718082147917 1.6620915652798174
-1.4174628816338468 0.5898910515128045
