2.5549348267835628 0.013289663991140408
2.554711497718458 0.027959934717595804
2.544335327111563 0.042279170756389636
2.543823938440121 0.05623364184617056
2.543137898079297 0.07075017132932337
2.545308399565502 0.08514288025729684
2.544317995343059 0.09956468950797913
2.4833727088296778 0.10908020091279799
2.482174554906794 0.12236180265738468
2.4807602416536536 0.13637156374873455
2.4445012230585945 0.14569044514195992
2.442878258627994 0.1589422355129252
2.4251878427416096 0.17053958484223528
2.4233894815194734 0.18299501771227233
2.4213384386941135 0.19621778249747507
2.4073694328983573 0.20708465057241707
2.405097194863775 0.21992214743281696
2.4016329805518923 0.23292526709220576
2.399152635905966 0.24537513280643292
2.396436782993358 0.2582925169270376
2.3926158726666413 0.27091766325506694
2.389723430631734 0.28334988725224236
2.3864225076370555 0.296868040334761
2.391087716821022 0.31091968551072047
2.3877213941582296 0.3235411718140858
2.4111751070773173 0.3437089757283757
2.407435999764213 0.3566220779388104
2.4329662601859985 0.3793338915031878
2.4290209827797984 0.39192782994701814
2.424819750314443 0.40486612508293063
2.446923513203221 0.42697277690847796
2.4423226284759725 0.4401800617662633
2.445925998518071 0.45672465032746834
2.441074893564108 0.4697468558328392
2.4358717223699236 0.4832701996258397
2.4270829018075166 0.4945670349827664
2.421708876460381 0.5076971746798619
2.4170139925395238 0.5213951878978252
2.4114427531398634 0.5342119952461839
2.4055794948985536 0.5473153400738459
2.391704601812787 0.5559362751415192
2.3855047304128454 0.5690373750192226
2.3821485153301394 0.5827940354042315
2.3759607361543837 0.5951809363741755
2.3694329578225544 0.6079067010309992
2.355824360367439 0.616579311995789
2.3493261938369425 0.6286090201073214
2.365060766858229 0.6538573311722637
2.3581169563713864 0.6660789107643904
2.3508398726568713 0.6785746734907788
2.4760901741987595 0.7711516500101524
2.4680848051854576 0.7842460882004836
2.6323695494128314 0.908148376596513
2.6230880812685387 0.9226246869401604
2.6131041775707233 0.9378446477600484
2.6244883615130985 0.9675313472512033
2.61410477957821 0.9826452423810248
2.5961399644158103 0.9925533737593266
2.585508707541039 1.007340370147033
2.574733970264853 1.0219958468603652
2.539095739357568 1.019466331388344
2.528505804805847 1.033228593582838
2.4869211741015653 1.0230199859480011
2.4764326794739127 1.0360770312920984
2.464904874813021 1.0501198301499959
2.419611547176444 1.0356387758257612
2.409340587310443 1.0476141197423947
2.365227167305033 1.0327122777300026
2.343310882910986 1.0569244178356856
2.326493267609231 1.0632092541127915
2.3150835479747354 1.075169605706968
2.3033928410131725 1.087163850760721
2.300467900906284 1.1085190115983208
2.2883067396616754 1.1204608160962057
2.285992870172981 1.1448595922354197
2.275281417548489 1.1549259167041466
2.262730357147496 1.1664853998216853
2.273305114153316 1.2040702354648327
2.2605418121931002 1.2153271430319392
2.2723132660392658 1.2566814470963608
2.259627214085459 1.2673966100512848
2.245884342742298 1.2787610963766889
2.2509255537323907 1.3132705283041526
2.237041018112067 1.3242620310018287
2.2490682969979843 1.371854477790465
2.234971510531128 1.38252051427417
2.2477109264435917 1.4303254226261626
2.2322713990374026 1.4415078073771794
2.2161887813593784 1.4528900029387435
2.231463353801745 1.5079828744929622
2.2159011308946592 1.5185104188799474
2.2405090196893966 1.5921510543742423
2.2229690391394055 1.6034769549208374
2.265681932744175 1.752404924160692
2.247973630178738 1.763051976105639
2.2289159733071235 1.7742415055097365
2.279914654471331 1.9086731881225938
2.2597016766332905 1.91996910301718
2.2379768887942584 1.9318004499246275
2.2658625357935955 2.0324768276149294
2.2433598674185706 2.044119660651084
2.2396569996846676 2.0896577047465636
2.2173328483503196 2.100616546556612
2.1935886197588186 2.1119511487451046
2.172277995825361 2.121846247689455
2.1484055283928507 2.1326234908473363
2.096506528373133 2.0723995861282045
2.074395302196435 2.0818253662343547
2.010263976957875 1.9914749025896379
1.9899099544569738 1.999635532753352
1.9683405715855846 2.0080221029798295
1.9107287666115966 1.9196545575469457
1.8907514969734693 1.9269331512610686
1.8328141461380407 1.8296563219489015
1.8135664089867154 1.8362004960687561
1.7946411436824241 1.842416323809594
1.7517128845216512 1.773150273680378
1.7327476186773954 1.7789404078814908
1.7133963898444207 1.7846212894882534
1.6947417254548225 1.7898825729901906
1.675073686865117 1.7952030503673908
1.6267143004068052 1.6827391080700331
1.608645406240285 1.6872181044425503
1.5771134549001162 1.6361009877551258
1.5603077175282825 1.6398839436647825
1.5423416064515585 1.6437284521757742
1.5106643986369621 1.5736275389746885
1.4939633092974347 1.576832766271332
1.461270989237632 1.4923010655302733
1.4452909782019923 1.4950108146808536
1.4295548460185297 1.4975077871815587
1.4055081574593031 1.4424338450056151
1.3902821539747516 1.4445212708294501
1.3707200304501994 1.416751097124362
1.3561491013210116 1.4184309846293688
1.3408927930588075 1.4200275422906727
1.3263368133069475 1.4294278609301854
1.3113661131643344 1.4306720759274882
1.2978557037625236 1.463732646777116
1.282550359826626 1.4646755402110376
1.2668489126610054 1.4654761079171648
1.2526944629107901 1.5140833179117135
1.2364989413385445 1.5145602752222063
1.2043419792857681 1.5289938349175518
1.2039423936764255 1.528994917431742
1.1879383491272997 1.5449529172690748
1.171111114326411 1.5447298897491877
1.1547969545170105 1.5443385913325687
1.1198201901713423 1.587977077320652
1.1029100191054977 1.5870329346330232
1.0846152584990536 1.6048574271344977
1.0676102773434177 1.6035441875217886
1.0497553331215563 1.601969893623031
1.0320709541896642 1.613283557088843
1.014964238693071 1.6114111104983624
0.9954023669491531 1.6261798204841895
0.9782499012907012 1.6239297687161278
0.9603142404256071 1.621379578216417
0.9352996872852548 1.6711665818968247
0.9175287221894136 1.668254769875409
0.89747165551214 1.67489719110799
0.8798338310433527 1.6716152739956713
0.8617988219775395 1.6680599399254872
0.8630842182796985 1.5763983494116576
0.8465453570051651 1.5727726521482353
0.8293647292209643 1.5688127664111327
0.8320324405527455 1.4881830785203918
0.8153411460330835 1.483956389542785
0.8034551256131875 1.4673623146985706
0.7880785650250299 1.46312020401885
0.7904477015693081 1.3961704462028044
0.7759362905803047 1.3918315165109634
0.7607842156482267 1.3871245419126057
0.7391502396896272 1.4022102190548575
0.7246146323873934 1.3973491876620627
0.7156866501029749 1.375210739890989
0.7006814225529872 1.3698339162892308
0.6862626573845251 1.3644918258466738
0.6717771182266069 1.3589498103944133
0.6575095112859801 1.3533174312240361
0.6640924673552553 1.2966156394454842
0.649897842373973 1.2906574356409177
0.636382104762821 1.2848127755312881
0.6189368631888837 1.2879963629759308
0.6053501830186819 1.2817802444897037
0.513817812231391 1.4376379951813618
0.4988575303631202 1.4304014252200312
0.48336828496568385 1.4227044615825784
0.39548096462313 1.5563589308756096
0.3784184775462187 1.5474197239154368
0.29522837947351455 1.6616414519052771
0.2778879035225814 1.652081499663385
0.21506535201003718 1.7199499234538451
0.19728035520017984 1.709642452073685
0.17913456690591878 1.6988695557674915
0.1294414094930192 1.7388698353504515
0.11077850097221886 1.7272407261455112
0.07529813610327696 1.741371504690265
0.05739923153784576 1.7296798790266639
0.03904737746869302 1.7174160847731919
0.04099888601045687 1.675137432502479
0.005748260093922042 1.6501914379038891
0.002919196239379973 1.6158955873656653
-0.01347096985057461 1.6036237729997351
-0.030525990836967498 1.5905743572290794
-0.013274353311616416 1.5342429219638847
-0.030662450754511017 1.5203308627739227
-0.011422071177977777 1.4663084823674921
-0.026909242335594108 1.4533745942018863
-0.04263469071434156 1.439952438601106
-0.04110790303625045 1.4081122728749156
-0.05677123362251946 1.3941503026355981
-0.09609019505076533 1.4083842537792264
-0.11087936745547444 1.3946294432499031
-0.12587019950419331 1.3803855309538382
-0.14032647566033707 1.366353152974713
-0.15508848573999945 1.3517141694215071
-0.20719378361131802 1.3729390574113853
-0.22129116008726624 1.3583399568067605
-0.23556664551851858 1.3432439861301104
-0.2694705983839689 1.3463673943188985
-0.2839647666130576 1.330374974002087
-0.33508447452057877 1.346580727652775
-0.3489980490693061 1.3305521575569605
-0.36332964968069237 1.3136835259792377
-0.4441872373874778 1.352512228562882
-0.45881170374417013 1.3345353991263638
-0.5922160458384176 1.4110005829337235
-0.6072292946162807 1.3917195395196331
-0.6221422704427613 1.372136489663364
-0.8174972633906146 1.4865196911616674
-0.8332824056531765 1.4648544838519733
-0.8736275397722206 1.4564425242000472
-0.8871896406577879 1.43693959647955
-0.9027965760071424 1.4140023196348146
-0.8903113418868287 1.371349151011253
-0.9034793951670705 1.351064185783775
-0.8484657933346114 1.280954290182909
-0.8601261802536677 1.2621157321868037
-0.8462791616423595 1.2231915600707197
-0.8589814837850898 1.2016868350074197
-0.8716608306220301 1.1796937750392846
-0.8874663524787127 1.1576930626332773
-0.8989905347613742 1.1366651815649846
-0.9971299529870228 1.1523805663439672
-1.0064696507810043 1.1343952927363332
-1.0183045609988768 1.1110741985356236
-1.188065817898964 1.16253070900624
-1.1996269039552327 1.1384756131837972
-1.4383372356410224 1.2110266846895188
-1.4488539831384526 1.1878474548575475
-1.461212259525214 1.159895818490913
-1.4735931504796391 1.1310652791542835
-1.4853933737208904 1.1027562869355736
-1.7576524733171883 1.1736336085340757
-1.7687276657175528 1.1453296673024804
-1.7806335019739605 1.1139784230003924
-1.7784421846410479 1.0764623322488622
-1.7896820135928886 1.0448399196045157
-1.7249463068005984 0.9839131579227599
-1.7341759597123714 0.9560373619508721
-1.744387759232629 0.9241086101108763
-1.602125491804272 0.8458260626042838
-1.6106066680978106 0.8172020296377899
-1.4892650428629532 0.7504115732285295
-1.4970282777481279 0.7220127900715919
-1.5046402689114924 0.6929538338030667
-1.4808414227295494 0.6562692025208884
-1.4876000591351364 0.6280174536880414
-1.4593688954364312 0.5898585237031132
-1.4651315105482818 0.5632495286128809
-1.4710001684135587 0.5347280620415775
-1.434404803812233 0.4976668862311703
-1.4394897576533792 0.4699519329068707
-1.4182643657265102 0.4088908303774408
-1.4225184938336737 0.38065305660188514
-1.4264604702096082 0.35242786272699933
-1.4468661136165442 0.32709138874089594
-1.4506193813663653 0.29513707853298327
-1.4045165323957138 0.2653632085979622
-1.407185471423002 0.23771394069514792
-1.4096135690017761 0.20938247415151495
-1.4396261446143916 0.18354785933963075
-1.4415332315619476 0.15368209574928907
-1.403978416987298 0.12548069120117877
-1.4051630116584208 0.0978503075458982
-1.4060677166252429 0.06971410448174871
-1.4416541856678329 0.04274533124936549
-1.4419687624801965 0.012847493096194628
-1.4569654666555003 -0.013546549380455103
-1.4566662695450185 -0.04211095180299006
-1.4560453582888035 -0.07121835937803457
-1.507140393246134 -0.10035881254362036
-1.5058177865550588 -0.1312673072866318
-1.561247197095931 -0.1620799695516496
-1.55941425565848 -0.19075892028619895
-1.5571611751055823 -0.22094853357830763
-1.5865260620104151 -0.25313337539077646
-1.5834973984004268 -0.28451051491650303
-1.6450635223471792 -0.3199727391661083
-1.641407797247095 -0.35095687732741476
-1.6375938399242544 -0.38056563116488096
-1.7084784888569295 -0.42246169040104836
-1.703442723397901 -0.45578652014707277
-1.7437611480690705 -0.49446466316519155
-1.7386684342518315 -0.5238824615616443
-1.7332071421686774 -0.5536432616140624
-1.7583619508421688 -0.5919320635084028
-1.75127968630155 -0.6262884425117724
-1.7343986084736782 -0.6521815748606661
-1.7273709368857055 -0.6830339653903785
-1.7197742580935063 -0.7148106614863203
-1.7480753472491055 -0.7541225012834883
-1.7398229320529173 -0.7856781326827099
-1.7514322516215999 -0.822887394536976
-1.742481703416705 -0.8543403449784666
-1.7388964923391672 -0.887573888370167
-1.7294392173270383 -0.9183059795004871
-1.7192228164168886 -0.9502831936381108
-1.7175415755870684 -0.9839675577583473
-1.7068181532442908 -1.0152089558162156
-1.7067726422747498 -1.0511678296652116
-1.695967353764512 -1.0805804393612584
-1.6838559101338837 -1.1124999279037593
-1.6645145732796816 -1.1399321293253928
-1.6524469960206916 -1.1698013228290236
-1.5748170434063673 -1.1741206818813585
-1.5627686175052307 -1.202197390667704
-1.549728071637606 -1.231732329708095
-1.1837503777450769 -1.099253899970431
-1.1722833186881654 -1.1237868373823678
-0.7408915954255704 -0.9456324945804171
-0.7308726258942129 -0.9659254125305877
-0.7205200841845911 -0.9863486230758419
-0.3327933467907598 -0.8085997502064796
-0.3243441445180615 -0.8244173270095061
-0.3151768725148578 -0.8411468629175849
-0.0037938461619058117 -0.6849126776040326
0.0034151587283706153 -0.6974307977419327
0.19151290168751478 -0.602974935247945
0.1977389017411597 -0.6132680416563242
0.20450796803013072 -0.62419597426169
0.3078983132186769 -0.5724985418688137
0.31398841772215635 -0.5818792624501339
0.3585660588867299 -0.5658488514988695
0.3645349486557229 -0.5746252239349611
0.3847292413243142 -0.5738837774744738
0.39078620683574494 -0.5823933695988631
0.39714596101018496 -0.5911297590865648
0.40665856387129173 -0.5972088124946234
0.4129644629778614 -0.6054948913610037
0.42049208530174165 -0.6135400646435183
0.42692135422405686 -0.6216215950602373
0.4336181226579501 -0.6298593637326312
0.4419487698956045 -0.6367561012956314
0.44864544709077414 -0.6446443483212873
0.45572805747348033 -0.6528087588013819
0.4619695189908031 -0.6613561892817916
0.46894042664737756 -0.6690537349193123
0.4770752803606204 -0.676372567254412
0.4840698325398175 -0.6837718883666063
0.49147276723443367 -0.691439918163226
0.4769606203358049 -0.7208710394063668
0.48465024561444336 -0.7285023877109279
0.48392020601539676 -0.7459126816504518
0.49153850631108587 -0.753152250185892
0.4890177418017091 -0.7726604872304903
0.5053215364479063 -0.7873511492827723
0.5138892089208725 -0.7948282722480207
0.5294422924810662 -0.7936456141672754
0.538023454153941 -0.8008171156698141
0.5609748377805011 -0.789875206630986
0.5693861392199998 -0.7966066523649814
0.5781046459956911 -0.8034314959396694
0.6150242335154222 -0.7725052444001791
0.623197913201647 -0.7786272231723373
0.6814610319193524 -0.7159422732189076
0.6890356563739781 -0.7213677561014412
0.6970141289130212 -0.7269533777945274
0.7516138215118391 -0.6625328934783412
0.7590487809656286 -0.6675043239051727
0.8033991013193398 -0.6140592212203091
0.8098945503173054 -0.6182060644541287
0.8164995944253646 -0.6223250267537775
0.8473686819822067 -0.5860948332420564
0.8537008524782126 -0.5898583731928226
0.8694725935704424 -0.5770412754725177
0.8755736849584145 -0.580493381623372
0.8819392546891077 -0.5840054471426441
0.8988503057433936 -0.5669857684714427
0.904886038387166 -0.5701506376925125
0.9156455435940367 -0.5644169940053799
0.9215327081920401 -0.567344663668515
0.9276537959704716 -0.5703082895686388
0.9367505131368876 -0.5668551028845978
0.9430119427005955 -0.5697211058100954
0.9485969356048853 -0.5743914163815
0.9541753176757898 -0.5768008543337996
0.9603285547359706 -0.5793846721523199
0.9653590463711944 -0.5846739457853108
0.9716772122675759 -0.5871700814943608
0.9706411752731509 -0.6092581796906122
0.9770877636783873 -0.6116462498030193
0.9840004152785928 -0.6141214695808799
0.9862514001505256 -0.6275990249055436
0.9929459051335564 -0.6298393460232837
0.9997760896231693 -0.6320438162923603
1.0064802996319342 -0.6341286348758065
1.0132791025526051 -0.6361637418593105
0.9999378861235633 -0.7093265472201725
1.0078261761720606 -0.711504196358214
0.9971297112150188 -0.7831504618707048
1.0054043440325224 -0.7852474327742734
1.0139501435974434 -0.7873159790913609
1.0025605289330342 -0.8760260585535095
1.0119473760314839 -0.8780889537048943
1.00143620165058 -0.9790676268701007
1.0117376208640212 -0.9811005435744397
1.024343186215477 -0.9834356530912784
1.019229145238063 -1.074905529834431
1.0289535824606366 -1.076495760812345
1.0278350610438622 -1.1643402568812218
1.0401557283366143 -1.1660955401751616
1.040415580538452 -1.2649734436205056
1.054007530033412 -1.2666140685753708
1.067981751403586 -1.2681467509864681
1.0747110982743133 -1.3401562189179184
1.0885324436310482 -1.341376525766399
1.0998606790330796 -1.3873907583648826
1.1150576479770615 -1.3884040466783476
1.1298100454359385 -1.3892279763517201
1.1432019054906881 -1.4158612137000262
1.158095401864447 -1.4163802471988578
1.1733857648247656 -1.4167500423455217
1.1884083827085035 -1.442953441524905
1.2036604592417028 -1.442995357247604
1.2194713896715357 -1.4708711245327577
1.2356319062671104 -1.4705683823800142
1.2512429027835754 -1.4851162125956046
1.2673454543519151 -1.4844731691001134
1.2830915917030792 -1.4836750949545014
1.3013511673678493 -1.5206261673643442
1.3175137479521215 -1.5194625757294073
1.3361179676408772 -1.5470232379913744
1.3531807112115672 -1.5454270185656513
1.3690836148873238 -1.5437680302353185
1.3887021137411957 -1.5636548571438662
1.4048539536935942 -1.561620907152598
1.4217608781202908 -1.5593098194186163
1.4370414025780192 -1.5469442050261042
1.4532438036333128 -1.5443744934183974
1.4598052116149454 -1.4813903104913686
1.4748562555136715 -1.4786717143453456
1.4905509299767914 -1.475668037564554
1.5067776215901543 -1.398753549018371
1.5217012572022446 -1.3953968256788085
1.517051052961883 -1.3112130375403386
1.5307820617218826 -1.3078165879216477
1.532125666386406 -1.2547894411921812
1.5451256312127697 -1.2512762679280653
1.5586805412413491 -1.2474583236865322
1.589716330867517 -1.302966300966821
1.6034199710539314 -1.2987887922810413
1.6176429594851123 -1.2942852693253204
1.652868127883232 -1.355341823580877
1.6675694128016847 -1.3503406400654199
1.7079487428197957 -1.418815377231227
1.723270202689143 -1.4132364610983057
1.738565128019025 -1.407478810810966
1.7761988689475585 -1.451839820167347
1.7889718059626614 -1.4467052954147508
1.8178147718824116 -1.472655393377515
1.8335755000821008 -1.4659437525688754
1.849605099410927 -1.4589113114988588
1.8628421818129 -1.4485472867702713
1.878513840744642 -1.4412730372548967
1.8857568721665061 -1.4167616286010893
1.9015125288742472 -1.4090266753445297
1.916221982802377 -1.4016069603675034
1.9048311723753002 -1.3421881456964444
1.9178369802481532 -1.3352775253812268
1.892853102432548 -1.2566541204522403
1.9062692485047006 -1.2491632193659106
1.919831761772808 -1.2413972912581435
1.9111563763783224 -1.1966288515393793
1.9237087314565806 -1.1890793379810731
1.9413490007189296 -1.189960360320059
1.95405529489086 -1.1819494964875015
1.9668722156261484 -1.1736741476664816
2.018860378260623 -1.2220100985322788
2.031230022621246 -1.2136299475099825
2.1390014189886712 -1.3421327561524092
2.1533131426292247 -1.3320052747982611
2.1676864149596975 -1.3216001673359643
2.2384708026647884 -1.3848968885851216
2.2520245458169756 -1.3746291699940705
2.381794813638702 -1.5106571478852062
2.397794131322916 -1.49800307708909
2.414207126678302 -1.4847306333216208
2.531780163483799 -1.587307656426777
2.5463671131910823 -1.574953839487847
2.5645339027337153 -1.559240593458975
2.5784008190285865 -1.5469955339629529
2.5950903472100837 -1.5319617890539077
2.654335322474479 -1.5603197652414247
2.669399891867794 -1.5461413123576107
2.60704676345091 -1.4493513740505855
2.6223745932376845 -1.4343118616646566
2.63778006168702 -1.4188687374860545
2.502979379914226 -1.2577621935478658
2.5158886329484904 -1.2442500173505942
2.3641150037519374 -1.0771407791183225
2.3751452297713627 -1.0650960937613148
2.3868604769709467 -1.0520257640401671
2.2375175603339867 -0.900795932494487
2.2471491196399125 -0.8895812055328938
2.11443877803615 -0.759949156999173
2.1224209089167547 -0.750240405998763
2.130552365759339 -0.7401305929224234
2.051031519066106 -0.6616867488139961
2.057587986993152 -0.6531667815841783
2.021243555305427 -0.6116657770950591
2.0281445525903306 -0.6022894653029898
2.034148559146662 -0.5939462781039613
2.020900902958526 -0.5710706677127423
2.026716776932502 -0.5626183171016884
2.025260679806195 -0.5486581908308823
2.0312923265685683 -0.5394757341977643
2.036788559178704 -0.5309104512322481
2.0163081657435438 -0.5052137948833261
2.021294275160916 -0.4970671117544447
2.024058827977812 -0.48659639130580806
2.029073869321908 -0.4780015891266466
2.0291177306057433 -0.46579479258057604
2.0338618415382332 -0.4572476672728537
2.0386542280993596 -0.44839724094943734
2.0559314753456244 -0.4456526781167852
2.060578261705177 -0.43661201939536143
2.093049193528782 -0.4409978888130778
2.0976266126040994 -0.4316045230820579
2.1021753361345037 -0.4220138183408167
2.1395809739832234 -0.4268624993235381
2.1438780480350226 -0.41727476611651987
2.188963654178348 -0.42394208415089984
2.1933837846679256 -0.41347872540050795
2.197524270401317 -0.40338732002917616
2.2381746548690726 -0.40671659172878816
2.242437632372839 -0.3956624604545003
2.2495770679196534 -0.3851129425210003
2.2534800111762268 -0.37430450979401547
2.2573382873800893 -0.36326264057860386
2.2517140779797384 -0.34865670534098314
2.2553480428782606 -0.33749741983165793
2.2322162445979874 -0.31769423096434746
2.2354886637668314 -0.3068602731055008
2.2387146145312014 -0.29575657145581447
2.224508584038034 -0.27968940135869147
2.2273448606419066 -0.26908462853285064
2.2301854188752057 -0.25799612930607624
2.228964968610368 -0.24616070639455295
2.2315429585424793 -0.23512363701131497
2.2551275290158355 -0.21595114612554922
2.255305595815156 -0.2150792864067088
2.3455752245446773 -0.22259021746117386
2.34781707892584 -0.21072482845206575
2.3499964468847634 -0.19848720903982692
2.4676069535738185 -0.20452044213550802
2.469674380130201 -0.1912667468249261
2.6749616281976056 -0.18883112917278272
2.6767387246509795 -0.17438961871682365
2.7581115366252673 -0.16666565163598607
2.7597594776858685 -0.15046385535771378
2.7652770978924295 -0.13397241064283966
2.767758901297128 -0.10086142673798154
2.7687581694930055 -0.08389759024521788
2.727593521901455 -0.06556700271255658
2.7282155902160845 -0.048970499492097946
2.6696584650397064 -0.03168589807996499
2.6699131020175284 -0.015983507662820372
2.6699999986976506 -6.187816851267326e-05
-1.3068794175250118 -0.02458833035113626
-1.3064662175499442 -0.05173103788709464
-1.3057610892703995 -0.07880585954369404
-1.3237912776949767 -0.10561054223303032
-1.3225028479913035 -0.13287355596867717
-1.3189602377621115 -0.15942183217315786
-1.317105801369347 -0.18642527916775845
-1.3149322337625042 -0.21375654278253275
-1.4987385235654642 -0.2575487942578957
-1.4957616577042345 -0.28703673084069725
-1.5889540577402497 -0.3264954269422381
-1.5853169594791745 -0.35619297471691397
-1.5811863075330947 -0.38712623624656073
-1.7274315806771545 -0.4378862186162691
-1.7225236689851045 -0.46952678754448307
-1.7932905858875996 -0.5134008847252488
-1.787657290450027 -0.5452273973497676
-1.7815027466798177 -0.5779363040514942
-1.8605823811848339 -0.6262679043196862
-1.8536507435222638 -0.6592367833987455
-1.8600397452395092 -0.6951264327836473
-1.8526182545563206 -0.7270253035139301
-1.8441486745421747 -0.7617104747101228
-1.863349887453578 -0.7996520912485301
-1.8546920665353 -0.8321132006201423
-1.839000923953332 -0.8624119573677037
-1.829619001791222 -0.8948126641848317
-1.8193336557578057 -0.9289269482624575
-1.7877595364321297 -0.9527795928014334
-1.7775463077411557 -0.9842326885736975
-1.7413393039065355 -1.0071763000064176
-1.7304863823458252 -1.038330661632255
-1.6993364607564452 -1.0628226979737918
-1.6880476799743525 -1.0931260669267568
-1.6759396222142602 -1.1245956114880122
-1.622383424187659 -1.1375415627003456
-1.6100227596892962 -1.167741876455646
-1.6292817741968681 -1.2121256709588404
-1.6163299049580804 -1.2419218439333486
-1.6026991580798686 -1.2723841516218257
-1.5386549860671037 -1.277596519754883
-1.5244070686749946 -1.3077041424396114
-1.5105104805217597 -1.336269783756895
-1.3330444081504509 -1.2820323811580314
-1.3189834349455465 -1.3094439485789127
-1.0763563738534292 -1.214331774770333
-1.063558458091078 -1.238023871661747
-0.6391565548682672 -1.0321744846125032
-0.6281951055293811 -1.051467382336901
-0.6167075534680697 -1.0711931035868651
-0.25496532269476213 -0.8792473541363239
-0.24583780604646344 -0.8941772970763395
0.053090891448924316 -0.7271612590908406
0.06052263304087524 -0.738752550038171
0.0685168200819326 -0.7509392875342841
0.22800590895592898 -0.6601912503020696
0.2350911056885039 -0.6705041578383879
0.3344421236371339 -0.6153483262886194
0.3410331305262214 -0.6245157461156737
0.347713090238603 -0.6336016283512601
0.4099096439797596 -0.6015033078244951
0.41615789413416204 -0.6096232878358635
0.44851318300638565 -0.597383933400293
0.4546378514020952 -0.605008485426043
0.4613694161675792 -0.6132086599416035
0.48347821603383956 -0.6084377807976347
0.48951240495511494 -0.6154732953486569
0.49727147713588626 -0.6228110653747414
0.5104888124255524 -0.63741299187393
0.5171225446836234 -0.6445148415828993
0.5261987082605863 -0.6496828605175738
0.5332629443587285 -0.6569305127902096
0.5391556395325902 -0.6656791503708223
0.5464585647870353 -0.6728503492306279
0.5365670932530082 -0.699394579794008
0.5431107183037119 -0.7055440961361199
0.5507781595119229 -0.7126057829075438
0.5352561630259379 -0.7457322785054978
0.5431610227024759 -0.7527041636013065
0.530777858785422 -0.7842848498525106
0.5386951224442447 -0.7909720974351542
0.5472719386396436 -0.7980645825450158
0.5445773449076831 -0.8190373271052653
0.5532366064211902 -0.8258923130326503
0.5755401219954103 -0.8165989595649096
0.5839312606682111 -0.8229479378539934
0.592528577335583 -0.8293144582400991
0.6265158894236651 -0.8008376707650995
0.6354506770225677 -0.8071611127437462
0.7184246082140737 -0.704055496410781
0.7256903860683396 -0.7089706553391325
0.7333574165115379 -0.7140404045116869
0.7966210413488147 -0.6322858655050618
0.8103064604787269 -0.6408111619310184
0.8525489670787219 -0.5845321032432151
0.8588674491229433 -0.5882419423435499
0.8877948513749097 -0.5518006389738825
0.8936384573709506 -0.5550663070282226
0.8999191301889837 -0.5584867693808545
0.917163274815556 -0.539336988242916
0.9231345711294514 -0.5424265243296341
0.9358540699173064 -0.5309198881382657
0.9415259729769755 -0.5337042039880336
0.9475586754425968 -0.5365839893769695
0.9588050730150455 -0.5263705987198776
0.9647271632650127 -0.5290441307628995
0.9721015291026669 -0.5268190267659828
0.9777223633920491 -0.5292151285290166
0.983678361500549 -0.5316774856216057
0.9905820120741979 -0.5301359319392608
0.9963004066028918 -0.5323593482318617
0.9961906272589123 -0.5504822790816106
1.0019193313515264 -0.552569496722153
1.0081291819302536 -0.5547563331528953
1.0092112715857424 -0.5709673030131153
1.0150960906524695 -0.5729001172176527
1.01579860613709 -0.5920049379008262
1.0221305742703368 -0.5939381006389468
1.0285914045753688 -0.5958347870127717
1.0302905335946573 -0.6139769515319071
1.0370371898044806 -0.6158020156618351
1.0328538454627725 -0.6591374386449439
1.0399315229012713 -0.6608918842286489
1.0340161744066796 -0.7201183025318868
1.0414131010998213 -0.7217833438762801
1.0493207580895165 -0.7234754771637266
1.0353711104479941 -0.833904867910527
1.0442214383398885 -0.8356033985851822
1.0328900405470196 -0.9544816716163925
1.0431109188925873 -0.9562148379047836
1.0531758113584448 -0.9578119114052346
1.052462915097851 -1.035542760381519
1.0633938688691904 -1.037041351604396
1.0658884694220925 -1.1129488296260754
1.0773348685488064 -1.11426848897654
1.0893196769313782 -1.1155226873916215
1.0946166093878638 -1.192352020580789
1.10710436414097 -1.1933898779687828
1.1134840846762142 -1.2941112766666116
1.1270158032071347 -1.2949449050127577
1.1408977234346802 -1.2956527007283998
1.1530445380002863 -1.3491831545747943
1.1674761908864453 -1.34960816603959
1.1960697846098747 -1.3839944195721985
1.1964314762274861 -1.3839953994280778
1.210804740975933 -1.383957823624854
1.226084139491687 -1.3947561140453832
1.240814400290467 -1.3944028057663
1.2707498573519551 -1.401214993384198
1.2856712221352118 -1.400381891377441
1.3006120524088425 -1.399387800043319
1.3180728725992519 -1.4301341883740004
1.3339969527474007 -1.4287301412983529
1.353227489395374 -1.4720466488850108
1.3688365762849912 -1.4703381279516499
1.3847495405218138 -1.4684235108704091
1.40659694980421 -1.512959583178479
1.423306988938436 -1.510583658289487
1.4396695502830903 -1.5131366450744301
1.4557600458663238 -1.5105001817075216
1.4723110597857831 -1.5076042871782847
1.4853654984178821 -1.4899179616048372
1.5014401804113233 -1.4867490768901082
1.5043110286505947 -1.4238436704363358
1.519249354963077 -1.4205688471016318
1.534767341348807 -1.4169921761132809
1.5288425025719108 -1.329948348058015
1.5437590540995927 -1.3261710721941395
1.5378457975861344 -1.2501540773254265
1.5509462225609112 -1.2465399106607968
1.5645156195654613 -1.2426396754863447
1.5549894144832914 -1.1651208158834043
1.56767341947798 -1.1611805443639545
1.5937205608071685 -1.1979587305068937
1.6061388540376003 -1.1938057761801224
1.618874577654423 -1.1893969430744424
1.6719211246378487 -1.294671561485981
1.6855487367106479 -1.2896225898605738
1.7307589312743628 -1.3654742607872536
1.7450950383854873 -1.359814840015921
1.7867098860601052 -1.4195307357008295
1.802250116973327 -1.4130077128613325
1.8170471041228131 -1.4066089973029643
1.8608410904851134 -1.4648337971000145
1.876293174726807 -1.4577642271018783
1.9042736202144859 -1.475541821796313
1.9196283351263645 -1.4681144571467366
1.935525959875147 -1.4602145603813652
1.9416085856927205 -1.4346573478105644
1.9573368486089366 -1.4264171541800401
1.9397894804199118 -1.358646578275615
1.9539679774051621 -1.3508298519974928
1.9205626839482575 -1.2582882891059917
1.9335739076487086 -1.2507475053011314
1.9468490807196868 -1.2428662239469535
1.949705575134664 -1.2177198161367018
1.9627750948137739 -1.2095760227169843
1.982354118542728 -1.2113158271892726
1.9948047796056096 -1.2031830128106358
2.007570516975468 -1.1946521921094757
2.078496671575776 -1.269716345500161
2.105215849982811 -1.2508078449305862
2.130996706654207 -1.256718398130234
2.1437437080289907 -1.2471743316616533
2.1570077820333258 -1.2370255070642866
2.2346327307381273 -1.3083421236379136
2.249460617514583 -1.2964784658010753
2.361105381575948 -1.4054050280525443
2.3759492895782275 -1.3930083518559615
2.3910215779033894 -1.3801436885225107
2.4973115107922883 -1.4718786784126712
2.5136841557631247 -1.4572844399419513
2.645066079539359 -1.570267501340057
2.661555156818173 -1.554931678106214
2.678269073010423 -1.5390505345117502
2.744106519765434 -1.5740902310915597
2.761112910687931 -1.5572255713554977
2.7632305307259 -1.525177467643166
2.7788910954377384 -1.5089595450996758
2.7947495187245384 -1.4921896570234812
2.740252925250432 -1.4112200134130353
2.7554452571272847 -1.3944572607578323
2.6561501602087962 -1.277339309237721
2.669348296301295 -1.2621349310420351
2.682942963482616 -1.2461336874739393
2.556126251222363 -1.1155525943430822
2.5681885165687004 -1.1007252986688094
2.38642973661377 -0.9340687769530575
2.3963683625035443 -0.9213049121765213
2.4062406086666237 -0.9083411220480848
2.2522222359343704 -0.7752917942331606
2.260454949795971 -0.7639923425357255
2.170529700935223 -0.6816656802293825
2.1768772351302834 -0.6725376327643036
2.1841818228668 -0.6618021906420242
2.129770484871262 -0.6099761023698054
2.135627634970313 -0.6009533498366234
2.098747409327272 -0.5620080908915083
2.1038633075616264 -0.5537428295190445
2.1098388889852777 -0.543868730568357
2.064530396505401 -0.5045673329875949
2.0698542329918848 -0.4953328308784909
2.0412830461183584 -0.46656921920955785
2.0459274798661258 -0.45809463957499635
2.0519302760070603 -0.4468319648621103
2.0395434705107895 -0.4316280356078596
2.044046556059226 -0.4227545519619625
2.055064229225119 -0.41625252419613423
2.0592037596616817 -0.4076394232446503
2.064298557042581 -0.39672283056828545
2.092380019121394 -0.4001773375303761
2.0965434343147296 -0.3907606305491257
2.1734715673637544 -0.4118277644044361
2.1777681005935174 -0.40152028773368986
2.1824760101496756 -0.3898588071089
2.2710557386058303 -0.4132113318866268
2.275351118876841 -0.40190044927858243
2.3511251133566917 -0.41603722597808857
2.3554691457649817 -0.40381561780736536
2.3601212830602503 -0.3902494184372846
2.3808964815174223 -0.38476941138787646
2.3850063502809222 -0.3719192785993866
2.386140582284077 -0.3580384323767366
2.389730666816942 -0.34592187042064254
2.3934095229610315 -0.33300857422283253
2.4026505035087466 -0.32195770903980336
2.406044819052582 -0.3089998291851075
2.4044360015161748 -0.2948455837412689
2.407472490336076 -0.2821527690482507
2.413507906397755 -0.2691608461684913
2.4161374697545943 -0.25701878269670075
2.4188154219302698 -0.2440040312473133
2.4508755372073754 -0.23630359797548625
2.453289989366935 -0.2231439054794649
2.529880692931277 -0.2076856821464286
2.5320414689434436 -0.193343024221183
2.5340436954347676 -0.179006755936054
2.6152347499127084 -0.17489025884683718
2.6172415589907905 -0.15780482714211957
2.736047947295257 -0.15650144922660586
2.7376219892578746 -0.140194929118911
2.739053991802423 -0.1234860733727813
2.733297575310779 -0.1066186922921433
2.734405357864971 -0.08927036325270446
2.7052533465285222 -0.07253525187578705
2.705938112224488 -0.0565632579484723
2.706461085137799 -0.040298870523204466
2.667807851839659 -0.023751001617739978
2.667982643194901 -0.0071385767847132724
2.6229815051000296 0.0072550770675142906
2.62282126517221 0.022553212049549378
2.6224887259484264 0.03814216236166455
2.531085641861887 0.04934586131712879
2.5304353236217567 0.06454339361601873
2.4638246390178775 0.07418410753882486
2.4629857005291527 0.08731048195311854
2.4619544640938784 0.10112828760308641
2.420972463196844 0.1109154818545722
2.419645393294826 0.12466400689336503
2.3815510052639874 0.13288424270642815
2.380032787609779 0.1457519130779926
2.3784488563290043 0.15804838821342804
2.3529014765288614 0.16746099670541711
2.3509053326840954 0.1806707369756173
2.3449603661333978 0.19231942175369646
2.3429795819652854 0.20376131922045948
2.3408554412254055 0.21533662537150003
2.3394155077489565 0.2279831149475512
2.3366877678098783 0.24121550222031074
2.341155014406431 0.25362616800136945
2.338422031011108 0.26562431987403595
2.3354677670363637 0.2779819239113477
2.343190571723282 0.29243002021508796
2.339990489590024 0.3046665121806098
2.3742153768690377 0.32738241969339915
2.3706544374885654 0.33989584873653683
2.366942939466269 0.35242754720626546
2.398493699336404 0.37569782092918935
2.3943139600715346 0.3887803554428242
2.410035918163263 0.40809567108067846
2.4055884318587073 0.4210528861894468
2.4008892475525254 0.43427412438773033
2.391740690387725 0.44467755382320395
2.386756621705047 0.4578129758309872
2.370706572277782 0.4658820898313303
2.3657746399565593 0.4780894151036548
2.3603947808470043 0.4910030066944943
2.354439326066739 0.5023453418024025
2.3489902562866734 0.5146866920353435
2.3333030367336596 0.5226167113002282
2.3278512692277453 0.5342803706869309
2.3219234419134382 0.5466185054360169
2.31076600340927 0.5556643642255622
2.304810534764828 0.5674131495415454
2.346278232799092 0.6047001017124041
2.339959614134685 0.6165290570134562
2.333103996987453 0.6290400082753548
2.4915795345823772 0.7348593782812947
2.4838448188661673 0.748290372162103
2.596432773578224 0.8349278465092826
2.58781175052522 0.8491805138509276
2.5784387540552998 0.8643122128712944
2.605480959363028 0.9019552499253953
2.5958861720792443 0.9167343097091735
2.570856874476452 0.9218760381421429
2.5611324110658242 0.9361744279492663
2.550879933131627 0.9509087265675343
2.5116243628419617 0.9439796241441963
2.501316075233241 0.9581401110169395
2.449532735252064 0.9406189151476251
2.4396007854004287 0.9536696979744307
2.428982236479916 0.9673151825629657
2.3868939289483486 0.9543646061257471
2.376612499185426 0.9670119062145133
2.3386082617830675 0.9564205279056605
2.3285497173495147 0.9682688342967213
2.3179114934716516 0.9805319437754093
2.2969918249511085 0.9830248908295439
2.286630425376804 0.9944663486742155
2.279275490532327 1.0097764185878997
2.268833118693081 1.0208230818240853
2.257781060633846 1.0322709081265131
2.262251782072765 1.0590661695490213
2.2509545852873023 1.0702777488407365
2.258191417029471 1.102277154315175
2.246933425876848 1.1129754722282819
2.234648467168561 1.1244049757030372
2.240032899717993 1.1787771492119212
2.2272058700727526 1.1899714704513211
2.239074022238195 1.229806967092698
2.2257769382215167 1.2409196883815212
2.212628455879326 1.2516723254683921
2.221644109098308 1.2905655017645268
2.2075194416250916 1.3016222857447792
2.2160105417890046 1.3417196350108374
2.201814150755036 1.3523525455098482
2.1872184199996942 1.3630439432436903
2.211524435911242 1.4280470284813607
2.1957299484187933 1.439104537489166
2.2318486932458814 1.5246538211170322
2.214738992802848 1.5360943253867783
2.282921195303143 1.6766924836603798
2.265185331828535 1.6880154646380863
2.2471502182311536 1.6992623165534062
2.287795440084129 1.807982599620963
2.26826199016224 1.8195923500538824
2.311367339513521 1.9402470555737585
2.290852993132308 1.9518544380599403
2.2694493631806836 1.963663428287147
2.273725311765377 2.021542716559397
2.2522053864980967 2.0328268063522756
2.2208864898498897 2.0263641762629865
2.199750451126996 2.036875066240286
2.177774583770571 2.0475150459355085
2.133798579800835 2.010748420952244
2.1115880368524502 2.0209147065295694
2.0580583059099617 1.9604427927534451
2.0390188519518495 1.9686663927820278
2.01801737299047 1.977485164921793
1.962396876314549 1.8997262968611608
1.9418678515686874 1.9078367568554866
1.8803254847120527 1.8071851689440435
1.8612035765545865 1.8142686764510443
1.8406992290277064 1.821610687804423
1.7999791015382691 1.7616316521104325
1.7811880400398976 1.7679200949462006
1.7432923299666938 1.7150027534086822
1.725100966760409 1.7206597498364642
1.7066529328927076 1.7261818576242822
1.6726026326443362 1.6756275694848313
1.6539682866817413 1.6807717854269344
1.62103734841778 1.6253518238330202
1.60386416114882 1.6297038808751607
1.5861281939430074 1.6339969454813286
1.5555229673889583 1.5774322234755287
1.5386203707762707 1.581146813074403
1.5031129053882544 1.494572703680584
1.4873875156980663 1.4976760049559763
1.4681447858072054 1.5012406115757753
1.4386506972499338 1.4190725297538955
1.4258126558157276 1.421171926430243
1.4049303988764228 1.3859309259903072
1.3902649316910825 1.3880202648983868
1.3753551150318661 1.389982583931238
1.3598474416261628 1.3868182272401708
1.344547039247525 1.388496364217341
1.3332009051779037 1.4247871837084258
1.318506740835045 1.4260845530250497
1.3030189563649632 1.4272869699641604
1.292636626900646 1.5141688992171483
1.2765479231298937 1.515067462347634
1.2627705123511528 1.5647414683516168
1.2463109390827642 1.5653150791202621
1.2294127680200548 1.5657237588659751
1.2127242701245537 1.5839488921520788
1.1959818659467383 1.5839949035898855
1.179072558075665 1.5808614873462201
1.1617035732098568 1.5805361064193084
1.1454811377517955 1.5800597120549467
1.1278053103751011 1.591363229055505
1.1109253663640617 1.590507689274913
1.095257159708424 1.5715132635163005
1.078553705364442 1.5703107327912182
1.0619537675245456 1.5689385704033578
1.0446493109090678 1.5673197387256286
1.0285211246313353 1.565637248950822
1.0048280995019638 1.6172658808173703
0.9881224821797687 1.61516219539783
0.9706358917727282 1.6127718703701117
0.9500841442468189 1.6309635388454136
0.9330017405782954 1.6282542582366488
0.924129705485994 1.5729922379353165
0.9081479786866152 1.5701055371073918
0.8914828223584208 1.5669161276533197
0.8752270430651725 1.4808033382065995
0.859427998660194 1.4772497121013086
0.8639117822568628 1.3899441391272678
0.8493563022518227 1.386343751466239
0.834098842116672 1.3823951470761315
0.8293488983739588 1.3438205835837616
0.8147914680351003 1.3397202644214374
0.8036928782428123 1.3250017604684656
0.7897574853179512 1.3207536027387352
0.7752939610530077 1.3161739172624398
0.7623436776719774 1.3098159960568163
0.7481362077822784 1.3049828019106686
0.7365431178651493 1.2945395777657178
0.7225636836777887 1.2894493258196218
0.7086084598366551 1.2841959952654796
0.6979470802576017 1.2650153618743658
0.6868177798238276 1.2605415538152855
0.6719366539640017 1.2587192310333808
0.6584655243506157 1.252982606297129
0.6447645831584768 1.2469717847188122
0.560875335050461 1.396716027921617
0.5457644322763521 1.389702062287207
0.4820029699298597 1.483369227404444
0.4655065771380188 1.475270623232392
0.4501055732793431 1.4675020779451378
0.3668486405695681 1.5865442988707321
0.3514750207093078 1.5783755445139571
0.2782881027569821 1.6717440529221799
0.26044042132719536 1.661778805414301
0.24239802562767132 1.651447685722505
0.17873448535900271 1.7184346797609327
0.16070850992693697 1.7075931010231076
0.11864571578444183 1.7357125084554346
0.10011192720983741 1.7240276179150789
0.08141677535272995 1.7119569414964018
0.05882816081966458 1.7030052358879493
0.04158970334904444 1.6913265753878062
0.04430594586009762 1.6518556998798883
0.026691516764030032 1.6393911074440128
0.009001335434217772 1.6265848213365706
0.002548976245569712 1.5969117213263437
-0.013079718920094852 1.5850721105188694
0.004033507157080285 1.528772431723246
-0.012157668872668781 1.515966617638125
-0.028767483254735993 1.502535015264477
-0.027011743286954992 1.4624374112542073
-0.04045116751051103 1.4510554438138503
-0.04994466572808531 1.4283005050121296
-0.06264708229549165 1.4170837468444415
-0.07793507673973821 1.403312488235674
-0.08728789912415147 1.3810987889244302
-0.10062212651026625 1.368548897201672
-0.12554950041934698 1.3654037944644872
-0.13998953016401594 1.3512353825484367
-0.15450270167841618 1.3366867363544352
-0.2001092619067273 1.3515213852259234
-0.21398082811582597 1.3370019512778886
-0.26505267811403965 1.3555945744767792
-0.27893434969964526 1.3404361936617823
-0.293678128646915 1.3239870271274752
-0.37817445494762025 1.3702063310869577
-0.39282508009273376 1.353147539711607
-0.5658128127594608 1.4674880273087478
-0.5812265827358001 1.4487400943424404
-0.5969287062938948 1.4292176966777832
-0.7838981515891672 1.542503524832629
-0.799182385263256 1.5226420427838963
-0.8410789533713974 1.520204494830982
-0.8582303577562396 1.4969010636680773
-0.8731524248322788 1.47616531032674
-0.8465059510756028 1.4236791746078683
-0.8610049248927267 1.4026074645345095
-0.8760594094418201 1.38022691194893
-0.8912328659287998 1.3571271497023476
-0.9050594127472316 1.3355799746942447
-0.7940027590298013 1.2340899468764583
-0.8061823700545303 1.214189976108512
-0.791690772322547 1.176068394033789
-0.8038117656651749 1.1552953768546872
-0.8165607895805302 1.1328952210713699
-0.8929844539976486 1.14768683678265
-0.9050132938729445 1.1254723597752967
-1.0901710563133684 1.1924095491166236
-1.10260421940183 1.168219931687902
-1.1151134715776259 1.1432294667824972
-1.3883369793162381 1.2445463757948478
-1.4014533788938688 1.216891251279946
-1.597802648304694 1.2710740895554584
-1.610598102336843 1.24252457003495
-1.6244287261060082 1.2107565284346775
-1.6905990983227452 1.20316160709014
-1.702647296121305 1.1737971180402837
-1.6985091485268367 1.1355235426472807
-1.7104110758534947 1.1046612012510009
-1.72248069090687 1.0723225313666138
-1.6683301914315125 1.019126053499988
-1.6788351939042854 0.9890621448311903
-1.5403416454219356 0.9084584010103033
-1.549810288618715 0.8793818150306831
-1.5592669427355461 0.8492437451796936
-1.505693526990738 0.8018145284293737
-1.5141228168583782 0.772800967266955
-1.408541630168402 0.7121281932899268
-1.4157631856645145 0.6851269637973905
-1.4229956427858337 0.6568940994761115
-1.3665770814392806 0.6140057695418033
-1.3730074362888507 0.5864756881595988
-1.3903037945384105 0.5301530458272515
-1.3907409427439852 0.5280126585509154
-1.3660099716879048 0.4985868281435403
-1.3710315718184618 0.47200917015741234
-1.3759132066467616 0.4445977415853538
-1.3717415218534241 0.4149343861082545
-1.375935950342035 0.3880450743605373
-1.3829186817932513 0.330676705020798
-1.3860306919913588 0.3053870659977174
-1.3623825334290447 0.27408894975490755
-1.3650926445414697 0.24744438752828446
-1.3676124005530181 0.21976250937402356
-1.3926401181221761 0.16679693613320998
-1.3942926316631623 0.13874343695549113
-1.367635939363466 0.11020745387263828
-1.3686815348955759 0.08231143472510935
-1.3694028946612553 0.05539643405816811
-1.3698480763163587 0.027943955573770145
-1.3699999977231028 0.00010818155991702922
