3.632776121212658 0.040331788295521837
3.6327722270421705 0.04068103281714598
3.632124204666872 0.0797669221735608
3.645089178223326 0.11804186883982319
3.643572030294026 0.15808814015942563
3.6288017939196173 0.194302703135506
3.6265280618106708 0.2329167595939313
3.6137904240158867 0.27183592715290494
3.610741618239414 0.3097111013732307
3.607195875264421 0.34858846434635393
3.575464833312364 0.3837541214717925
3.5711803357684264 0.4217665342590743
3.588172682565672 0.46361708347457325
3.583128141244798 0.5011154791259178
3.5775654521720677 0.5393972890410818
3.6100740628709276 0.5839642631074211
3.6037008068835745 0.6220847968457937
3.589550839861842 0.6615321368211416
3.5826152081516884 0.6981176622319717
3.57499178411962 0.7361614927970728
3.6255349792063996 0.7871442781033549
3.6170448655591496 0.8252796135445211
3.5951980690307614 0.8616030666365373
3.5858619724691803 0.8996682246247462
3.5760717572102396 0.9378271627988134
3.6044126817161857 0.986599320840804
3.5937530391963044 1.0247478193523147
3.5296979593526454 1.048024959503242
3.5175458118258653 1.0881155553094137
3.50654111166914 1.12307320873314
3.4260445112651285 1.137681417106777
3.4138637878047984 1.1737265602835594
3.3481575710088096 1.1919550661398213
3.335411976380835 1.2271686712979968
3.3212964059471033 1.2648739794314905
3.2839688483062153 1.2893147805537446
3.2703244788932135 1.3235413868677595
3.2179272835624997 1.3431727356167091
3.2035697518690007 1.3770656647052057
3.1886222124829176 1.4113317774572163
3.170906189233573 1.445883445883596
3.1560656284509028 1.4779968703995308
3.1614584075180545 1.52258390164004
3.14524744020812 1.5557954685190036
3.1284150316075725 1.5893710674388755
3.1513672126355914 1.6452688811028378
3.134389004066134 1.6773880204619647
3.1395847806478288 1.7244510445717278
3.1213429745116117 1.7572541180680168
3.1024055812191524 1.7904758053713683
3.068129362379528 1.8154358197701708
3.0487101284325138 1.8478613456623323
2.9120062277060947 1.808702222534411
2.8733105583206524 1.8695642367790037
2.851280322865601 1.902993568155036
2.742737386899542 1.8689977598979277
2.722931710824603 1.89773651969545
2.486990722103826 1.7742328336972828
2.468237208146049 1.8002305642120946
2.2980481669158506 1.7142530800715219
2.2799890777600753 1.73819987495534
2.2607982316667985 1.7630883005942377
2.023349038332657 1.6120259517384679
2.0059249557426244 1.633656656684308
1.8818233892627645 1.567272066880413
1.8652347697703273 1.5869783406334925
1.8481885716670403 1.6067980593588436
1.7503750343153663 1.5544993532470446
1.733318064718454 1.573495944233945
1.6830954211772506 1.561667635321989
1.666693373082795 1.5791609164749152
1.6493470056137876 1.5972696876460255
1.5945755015490153 1.5774593401605335
1.577774839052789 1.59426332745
1.5597256165954136 1.6119258670720735
1.530832427826995 1.616053241051577
1.5127718844578526 1.6329718998175806
1.4845161577759025 1.6358156305960254
1.4671739047155758 1.6513878203867347
1.4491219371679596 1.6672512141901652
1.3646785850040626 1.6040225558362042
1.3472151563215007 1.6187178020203628
1.27601181889168 1.5698161797002688
1.2607241333201664 1.582119989022361
1.2436114534193623 1.5956063276774073
1.1529038372051639 1.5114938776447653
1.1361928542305342 1.5240954031803495
1.03305831498641 1.4162625172747596
1.017810564729827 1.4272598412077424
1.0022664729571362 1.4382179658125753
0.9625066070306395 1.412183426974827
0.9470789754430339 1.4225759783835004
0.9166472301580253 1.4114697500986764
0.9027768134155684 1.4203812956946569
0.8869992449950147 1.4302871527697765
0.8867328327156987 1.4632928221596637
0.8709611910162035 1.4727347363811436
0.84872790987884 1.4741309083635334
0.8345057099919508 1.482228464168338
0.8180993882107864 1.4913465026643329
0.7974509679527158 1.49002414534506
0.7812330057354019 1.4985910018245905
0.7593091854806175 1.4952520057986083
0.7435506905312849 1.5031504816918528
0.744068494652799 1.5462917173887718
0.7274765413172457 1.5541666197139539
0.7110470611012262 1.5617516053775355
0.7179919289630682 1.62330298772099
0.7009655683000158 1.6307275284540441
0.7066636377151246 1.6945567276226627
0.6886031692147967 1.7019758151476
0.6705414332295099 1.7091723688155374
0.669213816402894 1.7654169105158908
0.6516200398935814 1.7719862650734872
0.6327782295797489 1.7788017630331712
0.613326317468299 1.7856020912568327
0.5943574546336816 1.7920053616329865
0.6013394641069905 1.8843765146348852
0.5829342427165184 1.890151229047168
0.5649055028651971 1.905006764510987
0.5447639631167057 1.9108639994749446
0.5241392741216263 1.9166238601570353
0.5046419938269772 1.9290859125674866
0.4851039993928188 1.9340915463785813
0.46275507277633854 1.9344194846567708
0.4424208351943121 1.9391711643343834
0.4218007238853609 1.9437605689306967
0.3783428251452978 1.9465728105213724
0.35789483575172526 1.9504359221831016
0.3338453147914826 1.934403346200522
0.3132160810548725 1.9378505325665931
0.28551058880577623 1.9107871947654922
0.2661835104250722 1.9135752764858207
0.2456568061715658 1.9163185365647293
0.22131230996269852 1.8840461410111415
0.2013336040806585 1.8862857100311958
0.1526267162693864 1.8005427197044852
0.13181716997531043 1.779123445323483
0.11338728892544424 1.7803930247869817
0.09438880182000951 1.7815012641283707
0.052512501541673015 1.686182504114497
0.034850831262356614 1.6866399792369213
0.014587211581729095 1.4769279648169271
-0.0007000049269369229 1.4769998341208785
-0.015362972199800994 1.2939087985964035
-0.028352366223102478 1.2936893534885223
-0.042391561886219335 1.2933054378146127
-0.05085513873661183 1.176901760923179
-0.06342806064552026 1.17629115491138
-0.07293821104698943 1.123635179837862
-0.08476154838330448 1.122805183420376
-0.09723030072284237 1.1217942184827596
-0.10705213815402864 1.1048257055828539
-0.11884128134341145 1.103619839368909
-0.13474173688770866 1.1350302482050791
-0.14664348909423963 1.1335540071413748
-0.1589648084070995 1.1318918630717751
-0.1806054675997152 1.1873426906639415
-0.1921590552804936 1.1855276873501135
-0.22362249852225452 1.2907722410071671
-0.23738526308799465 1.288312165924332
-0.25108120660261973 1.285713120291993
-0.2648116126633293 1.282955497980599
-0.2927597238662818 1.2768679430864174
-0.33923955438070014 1.4138714668397492
-0.3544865314638372 1.41012598692838
-0.3749228648730607 1.4275884720028307
-0.3903028253359523 1.4234604682023217
-0.40562289835303966 1.4191709073722163
-0.4208166797868236 1.4157832892124396
-0.4359384871980281 1.4112004235329207
-0.4601633994340228 1.435025660335495
-0.47549281394319237 1.4300194347939417
-0.4921491523886608 1.424372918797294
-0.5175492241969945 1.452551823699619
-0.5331507782466222 1.4468981469526532
-0.5694959667348705 1.4962871862957041
-0.5854179288733047 1.4901298092963882
-0.6238663133551183 1.5383077790418578
-0.6402316739858372 1.5315689353161002
-0.6562147841682034 1.5247892172490853
-0.6971429558044746 1.571290138444266
-0.713881482790844 1.5637564479574004
-0.7571676117391746 1.6098255208975891
-0.7731994554836358 1.6021871307808615
-0.7904853817437666 1.5937295445744273
-0.8436652842754996 1.656535507650935
-0.861189912363314 1.647492924064825
-0.9100753125715306 1.6951515936481405
-0.9275070416878588 1.68567692266918
-0.9462289340439699 1.6752393274926458
-0.9671015040344463 1.6713694028832502
-0.9846396949193096 1.6610977307760098
-0.9755695306032479 1.6058969739552282
-0.9926091009599484 1.5954210017081647
-0.925752406305338 1.4198617827872813
-0.940888232422895 1.4098774181070213
-0.9559103260360664 1.3997358495722045
-0.7969159371261343 1.1400903425406144
-0.809019632506311 1.1315335762668968
-0.6209641933299883 0.8491804699838763
-0.6299078510380096 0.8425675635821004
-0.6389752080534319 0.8357120816962464
-0.5510813602510025 0.7052193519635609
-0.5586965743374904 0.6992017861987718
-0.5154625580223986 0.6312870593295932
-0.5220939071887611 0.6258138318033352
-0.5288779163670856 0.6200912429467215
-0.5031580448510806 0.5775707592162521
-0.5093981532858309 0.5720747516094249
-0.5095175181579873 0.5585050569960178
-0.5145983798244554 0.5538271458515241
-0.5206190879975852 0.5481712918537075
-0.5005429515761624 0.5161567142132547
-0.5060233464467088 0.5107850554302407
-0.5001393308381146 0.49261003821359844
-0.5046133917899221 0.4880259468781045
-0.509896792163506 0.4825031205509104
-0.48557704992190626 0.4499543627848702
-0.49036423947186686 0.4447324056634256
-0.4854594177293412 0.43073211365985825
-0.48993502822260526 0.4256344301398972
-0.4945649576748216 0.4202457645712827
-0.47815250348879834 0.39781174367707484
-0.4823869363931255 0.39266632602918045
-0.46849944233901647 0.3716345954402397
-0.47179031276088895 0.36744782049290015
-0.466153816678443 0.35510085778004047
-0.46984054298588984 0.3502083153877476
-0.4735723195452479 0.3451452710968724
-0.46230089614567804 0.3282786642821963
-0.46523687724551605 0.3241043783271688
-0.457190310941243 0.31110451552725743
-0.4603971146392806 0.3063388594870477
-0.4638447270300655 0.301093123811229
-0.467120217474 0.2959859834976024
-0.46997855188645243 0.29142608113673213
-0.45346982654111617 0.2743448858950538
-0.4562914008193206 0.26962595857658456
-0.45914857164873507 0.26473116392470014
-0.4489285841299329 0.2523650656313067
-0.4515416915014321 0.24765924338902745
-0.44810288432896334 0.23930692646905094
-0.45067353479799105 0.23442987231298826
-0.45303197712372656 0.22983913440353734
-0.4440299664583948 0.21877474462779473
-0.4461134993419989 0.21449416240270122
-0.4405996791971237 0.2003195514456631
-0.44268266158131936 0.1956733531559141
-0.44218823589175504 0.1892896300353973
-0.44396942988250726 0.18507335121459673
-0.445975215315708 0.1801863128101241
-0.4413554686155307 0.17286222931330386
-0.4431483155582266 0.16821287233118157
-0.4450572043290325 0.1630953245032665
-0.4381637787071411 0.1556839844976981
-0.43980840502442986 0.15097538498002613
-0.436679156141864 0.14460744998522573
-0.43818890147163236 0.1399660195443312
-0.4396627516869744 0.13526516469157127
-0.43721963210181436 0.12951831262317343
-0.43859563189954615 0.12477929186623007
-0.43217435212931704 0.11802257988031405
-0.4334057875579875 0.11341703272101863
-0.4346797020893794 0.10843226729847713
-0.43183379944003875 0.10322581877214833
-0.4329192361557901 0.09857451479103155
-0.42725578916552137 0.09176867997605492
-0.4280665721852399 0.08790909951523095
-0.429032245008053 0.08306824148463718
-0.4278775324308864 0.07839526287254703
-0.42868926718157796 0.07382758429829384
-0.4255100428922633 0.06857261405126844
-0.4262136248623045 0.06405424249598733
-0.42393274391237484 0.05886449387300321
-0.42451923746732884 0.054474003158916866
-0.42507135301736776 0.04998344569939448
-0.422646169246787 0.044667836538344406
-0.4230547160871675 0.040616587700176
-0.4244861568543853 0.03588178700948695
-0.42482607321422916 0.03160391617155109
-0.42513573596985577 0.027122057469320143
-0.42461996143071595 0.01796909442841446
-0.4247926573474915 0.013273969400924889
-0.4229070806951824 0.008865726020945148
-0.4229788030991085 0.004234634440611631
-0.422999748080482 -0.0004616533859430904
-0.4229737786882622 -0.00470983462267844
-0.4228962173289359 -0.00936959811717556
-0.4227782795117146 -0.013694026913749874
-0.4226058384304322 -0.018256651514212525
-0.4213863015742197 -0.022750491106803186
-0.4211234749131691 -0.027184901637810392
-0.4208009414712225 -0.03178942681038424
-0.42044939443818335 -0.03614286536185143
-0.4200325300440427 -0.04070225675316266
-0.41957147169153364 -0.04520818667675773
-0.41907136794878747 -0.04963052050434243
-0.41850785495563747 -0.05417725851712199
-0.41692748915828653 -0.0584163400442621
-0.4162768500022138 -0.06288548443189697
-0.4155570267958346 -0.06747857052876825
-0.4148170912682141 -0.07188727837231107
-0.4140397553635904 -0.07623700530882743
-0.4112509456788123 -0.08021009710929505
-0.4103706911282512 -0.0845984388917517
-0.41136740621118867 -0.08954248771995835
-0.41041012336641786 -0.09383246047270456
-0.4093532202743056 -0.09834094290302416
-0.4102517372128533 -0.1030655719133987
-0.4091377830535465 -0.10740239512240457
-0.40506100989830185 -0.11102062087814048
-0.4038141256050657 -0.11547359854882949
-0.4025915816955121 -0.11966627907604463
-0.4051154358278503 -0.12512986715413277
-0.40377422860000106 -0.1293923193952178
-0.40614558946364515 -0.13501762906831166
-0.4046968392529476 -0.139299922105771
-0.4031156647415352 -0.1438115462679899
-0.40255010651302625 -0.14830513054628697
-0.4085831285273112 -0.16056409026564647
-0.4068780578642131 -0.16483702869393774
-0.4087266946850782 -0.17597581950884852
-0.40870526989735406 -0.17602557302315758
-0.40687812379295757 -0.1802087466765215
-0.4212834867140614 -0.1920656758039897
-0.41702184961446886 -0.20115112961186007
-0.4480518717484621 -0.2219223292566561
-0.4456996955938098 -0.22660931434428128
-0.4432222836340049 -0.23141738761436595
-0.5024618734184847 -0.2691320600760649
-0.49953901617152063 -0.27451916385270664
-0.583650704750811 -0.3290164963096558
-0.5801917136270738 -0.33507846161530525
-0.576512035944082 -0.34137057929998815
-0.6874744972753216 -0.4168870537640187
-0.6829415840541733 -0.42427207399212213
-0.8208744511291438 -0.522392702364253
-0.8153949057293407 -0.5309050270157927
-0.8096127505362605 -0.5396815673794231
-0.8906065421067377 -0.6073746678588757
-0.8840217408261898 -0.616919412684212
-0.9433705883037291 -0.6750199501670123
-0.9368667368380925 -0.6840180680408552
-0.9686954751864572 -0.7234017392523218
-0.9610481160051991 -0.7335308573760598
-0.953080729273639 -0.7438535632012718
-0.9817955985796158 -0.7833347959906377
-0.973453889867602 -0.7936772166955751
-0.9916188343575569 -0.826663829707917
-0.9829317169461294 -0.83697445589536
-0.973942438299944 -0.84741791748721
-0.9826981909893577 -0.8738016167450388
-0.9734304702245201 -0.8841143136712976
-0.9864361949273002 -0.9157836170937704
-0.9767940167575773 -0.9260612554397241
-0.9661962709781182 -0.9371129952935127
-0.9829935408397229 -0.9728374471962846
-0.9726680798315634 -0.9831611294578215
-0.9848290895365126 -1.0174318966902323
-0.9741227578577644 -1.0276871375197723
-0.963093951047719 -1.0380298846638731
-0.9793491096598409 -1.0787605486893173
-0.967959100616902 -1.088992277076802
-0.9836506025568055 -1.1311200166603161
-0.971551573823407 -1.1415290357241297
-0.9594421320557786 -1.1517255728845575
-0.9842205259695241 -1.207755751905274
-0.9581707214039697 -1.2285246715651241
-0.972842299560862 -1.275301478155316
-0.9593902857149755 -1.285451780377521
-0.9737585361623996 -1.3345030210722117
-0.9595764566230941 -1.344736786101528
-0.9449983678147094 -1.355021064348276
-0.9621764838508785 -1.411198219218108
-0.9466214751766155 -1.4216792123170572
-0.9315510337948882 -1.4315993404006844
-0.9562246695976515 -1.5037148603551347
-0.9398318083535452 -1.5140145877787654
-0.9720393066281161 -1.6033604043913308
-0.9548888535728445 -1.6136332536615434
-0.9746605881104714 -1.6912541908253027
-0.9569836222322139 -1.7013190020626088
-0.9385984559091527 -1.7115305835903005
-0.9205539096603714 -1.721303139894018
-0.9013285896337284 -1.7314475947913857
-0.9140014759143339 -1.8025100005343713
-0.8952429628809198 -1.8118998419924297
-0.8760914025331522 -1.8212371768683764
-0.8615163420941343 -1.842537812991837
-0.8420297477435355 -1.8515242109988617
-0.8157153987862186 -1.846880989176899
-0.7967326613542141 -1.8551490684932657
-0.7689176901014285 -1.845200960830306
-0.7494190079405552 -1.8532059115320658
-0.7290765101157861 -1.861302888408382
-0.6937740179597052 -1.8277589042332818
-0.6742741598318684 -1.8350420587504332
-0.648279552945594 -1.8242339820408622
-0.628730039637338 -1.8310637720346146
-0.6090182670969967 -1.8377140012369093
-0.580585132057282 -1.8164718286926522
-0.5414383095162711 -1.8285222331128936
-0.514098087140956 -1.8083426546973915
-0.49357830439187 -1.8140508420200483
-0.4759698670932627 -1.8187503087612718
-0.4533280381945706 -1.810096596810972
-0.4335716016571008 -1.8149302097426492
-0.40996593454450636 -1.7988754633139699
-0.3906877482473706 -1.8031605816924348
-0.36817794213874405 -1.8078910373477932
-0.348315159045562 -1.796545727216278
-0.3274430974564028 -1.8004668888730382
-0.30946987835711126 -1.7975551158141536
-0.2904672467010117 -1.8007234042445093
-0.270950582252322 -1.8037632278037847
-0.25091558362080546 -1.7985820442493667
-0.23107786965583021 -1.8012381902889256
-0.21096626932864854 -1.7936357582311833
-0.1917459635809827 -1.7957921609836704
-0.17215414658688866 -1.7927531759316282
-0.15324759300151589 -1.7944682151654963
-0.1339734280239264 -1.7960100558135852
-0.11407963368192628 -1.7903691901892742
-0.09530271850249915 -1.7914668268896394
-0.07496877323584121 -1.7914320202116274
-0.057016236501266304 -1.7920932310500008
-0.036246276473335795 -1.7926335954237327
-0.018305424022070728 -1.779905871514382
0.0006674973412598682 -1.7799998748447425
0.0198486740879994 -1.7858897026795773
0.03893391147664949 -1.7855755796205124
0.06124428860828723 -1.7849496175278632
0.07803998535250149 -1.7933027520990932
0.09652898347368193 -1.7924026208833599
0.11988849313450387 -1.7879851087785765
0.13480571718376985 -1.786922331444366
0.15343392106712161 -1.7854192874128947
0.17354076277517871 -1.7896054323943613
0.19209627569774554 -1.7877088747508796
0.21066226631127888 -1.7775605220505422
0.2502118918057423 -1.7724260236181908
0.2681143047894323 -1.769806407369823
0.28360425676865797 -1.7461184454505647
0.3015826482743618 -1.743103240275751
0.3093815742336069 -1.6827964943880573
0.3283896290918627 -1.6791906537093724
0.3463068908651491 -1.6755872216447922
0.3402617185254425 -1.566470862450404
0.35727477480982955 -1.5626783851082684
0.34462571861548547 -1.4372602805576868
0.3609148547606702 -1.433256595175157
0.37539630523147843 -1.4295319562774924
0.36591049407101567 -1.3357898451211199
0.3803765646683985 -1.331742718790333
0.3855191735635187 -1.2979564579811227
0.4002813888299451 -1.2934801157174278
0.41323805030855826 -1.2893992065210764
0.4210473910972313 -1.2668638815793174
0.4345747766033622 -1.2622875122333017
0.4575074264348227 -1.2849836398791175
0.4719796436276425 -1.2797387295855056
0.4889145954457048 -1.2851410499864062
0.502463301748804 -1.2799045395636701
0.5162779021163777 -1.2743948084429377
0.5374626809320538 -1.2873068269085384
0.5515024740996525 -1.2813547600340673
0.5837246625586172 -1.3174773312360364
0.5974123134843649 -1.3113273914996435
0.6120601278838634 -1.304554866555941
0.6278457926107275 -1.30258422403352
0.641836004848027 -1.2957478701046448
0.669995700085488 -1.3174178387538849
0.6836813909716437 -1.310367794033064
0.6981538098500633 -1.3027145726489135
0.7356993777638572 -1.3392275480880287
0.750132674146148 -1.3311968190986443
0.78337971412789 -1.3559764833849095
0.7974680834110971 -1.3477390904550597
0.811960619321609 -1.339057860090769
0.8583645738613357 -1.3821502300183752
0.873048046237941 -1.372922470119895
0.9292718158035829 -1.4271169862184083
0.9444251438503433 -1.4171344846778864
0.9596930324603896 -1.4068398215315707
1.0501821558062971 -1.4717273659295864
1.0660269084394929 -1.4602912827524983
1.1508823163198514 -1.541831992787234
1.1672683454570532 -1.5294641577016288
1.2228783978077316 -1.5673903228536263
1.2394582279637794 -1.554312485034103
1.2562184288886087 -1.5407982538024358
1.2755593933348246 -1.5313383800046594
1.2922095247704255 -1.517314583101537
1.2909157224564098 -1.4841245222402484
1.3071364591321188 -1.4698582507192817
1.3225652427787196 -1.4559911327318127
1.3479963814496352 -1.4530071423082167
1.3637021837501582 -1.4382768697420711
1.3426747228143014 -1.3864070790051308
1.357474061628482 -1.3719198854181944
1.3720737153768356 -1.3573185770378322
1.3266695277159215 -1.2850513469235436
1.3403237907514973 -1.2708033427503787
1.299887197067412 -1.205745526593496
1.31240348654307 -1.192109931386193
1.3253193140819397 -1.177734144754824
1.2907957848069507 -1.123106068866431
1.3029263101070632 -1.1090103833737506
1.3108909663681785 -1.091787925512232
1.3222308846633986 -1.0780266636972604
1.3338866602216204 -1.0635705795492894
1.3535555991969563 -1.056397765939785
1.3649768780379206 -1.0415983498555728
1.4689510289733063 -1.0947177145174296
1.4799918289654717 -1.0797445004237984
1.4912688543427277 -1.0641152212365579
1.6049085550668214 -1.1198738901650167
1.6167640033918418 -1.1026890574120998
1.7884962331253946 -1.19142025503022
1.8014599672054157 -1.1717264981881492
1.9189445406135197 -1.2201343573760917
1.93168319278419 -1.1998650102053472
1.9445452907133598 -1.178906108375258
2.0905104702628106 -1.2368536589756933
2.103559622310004 -1.2145278569827005
2.1994063710281337 -1.2382195342833415
2.2120837435345417 -1.2154264731320477
2.2250734500949405 -1.1914798116974528
2.2261182680072387 -1.1616877621996593
2.2384044301550885 -1.1378341737977784
2.2508596227348345 -1.1129923444220082
2.2278551755298666 -1.0734944419347443
2.239285846219301 -1.0494417082058005
2.240427618605959 -1.0207487868166358
2.25107823958999 -0.997041001787004
2.2617230480226667 -0.9726524836975736
2.2977920433928545 -0.9592975165820518
2.30789301722956 -0.9347351609001558
2.4908097461610685 -0.9476770591446401
2.5008806331575686 -0.9207719906129851
2.681175552647461 -0.9544703535917604
2.69102529058568 -0.9263362701677271
2.7008842033007716 -0.8971847749267465
2.8806544875219116 -0.9232847467167814
2.890422628868093 -0.8922342890335817
3.3647051685564833 -0.9994294015533499
3.3752229310451547 -0.9633120811797978
3.811650083446216 -1.0438523082143625
3.8225560617582737 -1.0031795226753177
3.8331103846026977 -0.962064851998532
4.014311398450358 -0.9621268088311078
4.024735853184689 -0.9175430845958763
4.03393834472465 -0.876199424195286
4.221193065813982 -0.8704189227745165
4.231237721543373 -0.820199575584164
4.223148845375556 -0.7768203330263054
4.231224129175576 -0.7315588620763114
4.239019836926028 -0.6849429334971091
4.250951454709267 -0.6409467448276569
4.257424210461665 -0.596439512586874
4.24172890325573 -0.5481467972039454
4.2473158001157945 -0.5030283233444472
4.235646734628909 -0.45485903247869924
4.240167889165016 -0.41058040831716497
4.244344737470247 -0.36488045920357687
4.100385756412209 -0.3088375764246945
4.103552920039407 -0.2634339242315891
3.9812689926642 -0.2136965326124506
3.983337958718721 -0.17084410036806724
3.984926242164877 -0.12857622060752572
3.802131096825245 -0.08129035954195085
3.802784351490846 -0.04049908710507739
-0.3779767062533401 -0.004196371036528254
-0.3779763010795322 -0.004232708616812859
-0.37790887678614854 -0.008299448549850156
-0.3758029972613026 -0.01216993218639251
-0.3756465816809854 -0.016298640169987364
-0.3764607254561629 -0.020157435080375916
-0.37622484295614284 -0.02416335122919982
-0.37593791110761293 -0.02827873745492413
-0.37661708931967397 -0.032304303620055465
-0.3762472518901631 -0.0363593928043383
-0.37285854073752406 -0.040018853045584536
-0.3724117424675083 -0.04398288385627157
-0.3719084455395597 -0.04805318029379896
-0.37138558677910427 -0.05193982992598646
-0.370809022820488 -0.05590767921238399
-0.36722656587038155 -0.05940243529558656
-0.36657826091350554 -0.06328015981040067
-0.3658391540900288 -0.06742190545136008
-0.36709536653389907 -0.07153315223965963
-0.36631422664677754 -0.07543134200167276
-0.36353073106867406 -0.078926596079366
-0.36267943126361285 -0.0827504086896392
-0.3617564732700685 -0.08669633237457174
-0.35014773385484826 -0.087849669756433
-0.3491917512450355 -0.09157576569390635
-0.3549435019725867 -0.09715508431078823
-0.3538937967418357 -0.10091174672776337
-0.35277806872400147 -0.10474556901064451
-0.3553848565994628 -0.10993454279606246
-0.35427302920720266 -0.1134663861077479
-0.35684009314007986 -0.11849534981499961
-0.3555714083696964 -0.12224963619573911
-0.35704887996970713 -0.12711057120624425
-0.3556896845943547 -0.13086576432806435
-0.3541843944439933 -0.13488667366475382
-0.35836961638262277 -0.14069903359217442
-0.35688064749826726 -0.14443407991612467
-0.36267433967308926 -0.15138138373884905
-0.36105618367780823 -0.15520126361604414
-0.3593715312606213 -0.15906320290814058
-0.3603095698526528 -0.16429550776754778
-0.35862323927304385 -0.16794455112717763
-0.36939240441219784 -0.17790236525289727
-0.36749827600037877 -0.1817828846089461
-0.36553153689344675 -0.18570593834424023
-0.38561033403557865 -0.20131982089444014
-0.3835328317211726 -0.20525001094260312
-0.4443800903932019 -0.24408059173586433
-0.44179812620809245 -0.24872357282537264
-0.43911770789450316 -0.25342580494787387
-0.5086295801307997 -0.3009600475411419
-0.5054102905760492 -0.30633549937908505
-0.6286127796098337 -0.3904433035809406
-0.6202595720995575 -0.4035815446955842
-0.6155039203385487 -0.41079791144536937
-0.7453899135231657 -0.5079349139584003
-0.7400073525651679 -0.5157452066180463
-0.8213988997063046 -0.5859904841900352
-0.8152050222649307 -0.5945769686710322
-0.8087654692773256 -0.6033070658500753
-0.8604632654818285 -0.6559931163940278
-0.8532206789897022 -0.6653859578803506
-0.8931830698785829 -0.7116094460322111
-0.8854914184221402 -0.7211580602757942
-0.8775182974839021 -0.7308389956624877
-0.9025329531146743 -0.7678927454678194
-0.8942847927421164 -0.7774829319478274
-0.9151896804792862 -0.8127753987075532
-0.9062713845430959 -0.8227078324401318
-0.8972599283627852 -0.832526648795346
-0.9110192435622422 -0.8631737587874644
-0.9015376707514388 -0.8730720635870043
-0.9071236468910139 -0.8973865885175394
-0.89756606983119 -0.9069460569889432
-0.8872982107783097 -0.9169939395381032
-0.8775122093024464 -0.9263629539900325
-0.8671594449992003 -0.9360611609017219
-0.9058975919791387 -0.9982252014682851
-0.8953148137422349 -1.0077278324496686
-0.8842989458136756 -1.0174081651101596
-0.8987697993355345 -1.0564004202017165
-0.887268481395024 -1.0660786283961272
-0.9032372341339033 -1.1112094756949007
-0.8924156989196633 -1.1199188454177065
-0.8803023239231474 -1.129465279898194
-0.8684683297621226 -1.1385898120922164
-0.8558801511089554 -1.1480823868249663
-0.90046383645136 -1.2344832438082334
-0.887173156250528 -1.2440690458445127
-0.8736241703813491 -1.2536206798411949
-0.889290773845161 -1.3047616332318615
-0.8750366894233759 -1.3143636453291678
-0.8888700413653575 -1.3686979394896257
-0.8754199402817633 -1.3773394382493642
-0.8601204799951657 -1.386945117837359
-0.8856963244366627 -1.4615823688315983
-0.869943118320685 -1.4710132463327728
-0.89712685594483 -1.5581936350603363
-0.8820936311378769 -1.5667529562461326
-0.8647517342757176 -1.5763909534335507
-0.8819147095287732 -1.6478432707987674
-0.8639789868162523 -1.6573175043847095
-0.8756732049609511 -1.7243991527814595
-0.8574997230098417 -1.7335080689278735
-0.8507356564736558 -1.7679629076438053
-0.8317651364011863 -1.776966729533087
-0.8129803810493041 -1.7856390732813079
-0.7988924280011599 -1.8062103666191298
-0.7799476041648066 -1.8144714753221056
-0.7555450549209092 -1.8117727975617033
-0.7362353056474096 -1.8197050790494227
-0.7169242012143391 -1.827399433542974
-0.6844554446366466 -1.8056250287109035
-0.6664609624123444 -1.8123440031021738
-0.6368001251067394 -1.7901077064422801
-0.6172245779606816 -1.7969512570910926
-0.5981351503199129 -1.8033952262196367
-0.5666818812413704 -1.7757724081291335
-0.5493374258966586 -1.7812143028027911
-0.5242505019040881 -1.7679076365164872
-0.5055585042713663 -1.7733433392208344
-0.4864181285758829 -1.7786886754552456
-0.4628837546186271 -1.7694574393610496
-0.4449624949295208 -1.7740488657604943
-0.4255299286616018 -1.778810074126311
-0.40216031675782477 -1.7627056134321595
-0.38341664594506475 -1.7668773799028152
-0.3419013326577782 -1.7590814303854256
-0.32342286720478675 -1.762572452119071
-0.301022010790078 -1.74421493773557
-0.28242102061493873 -1.7473232005312629
-0.26157025993075916 -1.7505659082478886
-0.24289934207008465 -1.7461869629629925
-0.22416819320935388 -1.7486902587803403
-0.20392931882698942 -1.7360636027872827
-0.18551984182023643 -1.7381272646992783
-0.1466297617286411 -1.7297964368605347
-0.12760552272834164 -1.7222792545255914
-0.10976448877480004 -1.723508270071254
-0.09137301611163574 -1.7245811004202334
-0.0536953557554161 -1.7241640898621857
-0.03563585295054269 -1.7246318696998753
-0.01701676747144142 -1.7229159670816285
0.0008165934252635524 -1.7229998064930763
0.020456260510244087 -1.7228785625823828
0.03766438758695083 -1.7185873250747836
0.05631460191840014 -1.7180773165404322
0.07434002453688097 -1.7203945944904198
0.09271911751407834 -1.7195020108297083
0.11154493732052853 -1.7183834633044393
0.12962645321141214 -1.7171141437387991
0.14869500696690477 -1.7155680676974354
0.1665576960288365 -1.7189495437311608
0.18489990349555974 -1.717073389720816
0.20382192745306155 -1.7169442687196692
0.2218255403709004 -1.7147111796565502
0.240463826540574 -1.712196877734995
0.25940418951665944 -1.7053839645256446
0.2759986430964622 -1.702777069674393
0.2903678396842398 -1.6760332686665584
0.3082384217654028 -1.6728389268986938
0.3260222384969892 -1.669464135585252
0.3333391979250612 -1.614956958908403
0.3685196829431274 -1.6072940749232845
0.3567381558790176 -1.4868015631347842
0.37277160014319644 -1.482862884465951
0.358666046883985 -1.3656876168482364
0.37337912559238756 -1.361738605082438
0.38803491360060416 -1.3576350414698979
0.3760853197824014 -1.265290414191212
0.3895997312805668 -1.2611946913090422
0.3902381051603728 -1.2169627033236647
0.4032380996810886 -1.212717211457636
0.41736338205222906 -1.2079287260935245
0.424913954496365 -1.1925620031152515
0.43772301249041745 -1.1879202685097656
0.4503322260376926 -1.1831977375704945
0.4629226095900084 -1.178328756133184
0.4968381122020887 -1.2250860746345398
0.509871248800769 -1.2197193569204126
0.5225999666688947 -1.2143200874718618
0.5361390270933779 -1.2084034688908198
0.5490118209712015 -1.2026096708549643
0.5835170296202412 -1.2406243896293392
0.5958720930118411 -1.2347378056776621
0.6091936247165283 -1.2282199019738842
0.6303663689395738 -1.2377234105041146
0.643460348721163 -1.2309670099655958
0.6570138301257041 -1.2237866754559605
0.6695983788484592 -1.2169465933406918
0.6831143395982713 -1.2094113440162604
0.7267034087798966 -1.25590730377193
0.7398820286524687 -1.2481889214686643
0.7673718819753055 -1.2631802700935753
0.7807750139535946 -1.2549399896352669
0.8072342516337996 -1.2380859675277882
0.8204323348206717 -1.2293798371458275
0.8335312459476741 -1.2205366287125174
0.9493096389777175 -1.3581090564987761
0.9637279159331115 -1.3479159855314506
1.0435976176876618 -1.4271398012656773
1.0586284036456288 -1.4160260954497654
1.0738670796943612 -1.4045047152461627
1.1588101899356282 -1.4829305255814762
1.1748234110649796 -1.4702768286325012
1.2579816293331916 -1.5406502589037554
1.2741653759490135 -1.527292897493048
1.2907216879191812 -1.5133269720503433
1.320297219517848 -1.5155577363246309
1.336671394392323 -1.5011360975652015
1.346582012274681 -1.476049079203761
1.3600100038217744 -1.4636860283218862
1.3759218754221894 -1.4487384141847988
1.363091932108659 -1.405611747468085
1.3780162897672537 -1.3909835028267203
1.3949755125085879 -1.373975006869267
1.3736697887614553 -1.3285150776126176
1.3880523786673218 -1.3134807170552563
1.3305691367950723 -1.2329565167549166
1.3436869039304633 -1.2186474076638274
1.2843356244087507 -1.1395485965392547
1.2961763381482472 -1.1260621210326722
1.3084253194571165 -1.1118058209073847
1.294547935490573 -1.077033724038897
1.3060122200739925 -1.0631030434616398
1.308351285461802 -1.0378424320822741
1.3175415088807436 -1.0261502679316772
1.3284588291006818 -1.0119768472571127
1.359009761708333 -1.0129745641335028
1.3698038935651797 -0.9983297517221823
1.4692525835176566 -1.0433124392178459
1.478583514632134 -1.030046013660597
1.4897955521087158 -1.013761911356452
1.6884002685143968 -1.123427137504036
1.7010435920740927 -1.1041896113728238
1.8422951072527913 -1.1673515913350296
1.8535682127745978 -1.1493676002879076
1.866071116389008 -1.128955087051155
2.014569580975868 -1.1904240435268076
2.0271842597321506 -1.1688130633656573
2.153113791846474 -1.2103722565229673
2.165646559239879 -1.187802584797859
2.1787679612057853 -1.1635592684617253
2.309258289525927 -1.201222357540764
2.3213429851438194 -1.1776993441976533
2.2820449185255676 -1.1243695966325464
2.292753014800091 -1.1023699982878221
2.2585285208431074 -1.0268446428444002
2.2692059574034156 -1.0030280768178161
2.280808759350196 -0.9763566987896473
2.2549216573866224 -0.9399879355868181
2.265109045771881 -0.9151666573703384
2.320375164113718 -0.9088031127610842
2.329800848884178 -0.8843596579099264
2.339836610101157 -0.8574547440129563
2.4687937638983 -0.8771871814709014
2.478060260567755 -0.8506570078444486
2.764368918880669 -0.9154280312108205
2.7739262632291157 -0.8860457585067242
2.7832563758966726 -0.8562873034388153
3.003008525751936 -0.8895863051223205
3.012459471731093 -0.8570367151864754
3.5258867344478877 -0.9628851104074715
3.5359333784027775 -0.9253108361502738
3.5463265873586645 -0.8846427164641371
3.7610389694473643 -0.8990410837655356
3.770492536519009 -0.858530740308375
4.053552635881582 -0.870647476386096
4.061244870205961 -0.8340300379637231
4.070406608245738 -0.788102812803902
4.145985745278589 -0.7596230643857167
4.153851175104254 -0.7153638340627807
4.204750052617516 -0.6776119796852728
4.211702617838875 -0.6329629206274021
4.207631533036842 -0.5842438550759764
4.213452618600965 -0.5406672089230802
4.218932494434061 -0.496097376941658
4.221489384594379 -0.44615286142417
4.225570046564767 -0.40568803479352133
4.172120982979604 -0.35266911316601435
4.175461897999947 -0.31062346716029254
4.178505461281188 -0.26657289817850627
4.11032122664933 -0.1739408340670525
4.111992923123717 -0.12849202380095345
4.092100901383881 -0.0857858548551488
4.092794896181208 -0.040974843417078924
4.092997562395775 0.004467014914104952
3.831762458471444 0.04266687062435665
3.831059822232819 0.08488014180854976
3.742037537805815 0.12120670630042399
3.740511250788507 0.16159078787047806
3.738555244298291 0.20184321967742097
3.6833335211007276 0.23777126053355296
3.680512499929579 0.2780444889979338
3.5688382248283714 0.3067861225738206
3.565299816629765 0.3454869281749506
3.6041388267341454 0.388340466121439
3.599842911882357 0.4263285232896726
3.5950023085644216 0.4653852183046611
3.583001557659574 0.5020197583851308
3.577410079116412 0.5404267997021466
3.6087327552626403 0.5859896766108722
3.6023070918683873 0.6242752725158396
3.595556640402106 0.6620486731806958
3.6011449157411994 0.7023647882911774
3.5934369110967865 0.74079158065355
3.596777725091177 0.7829118700645284
3.588407753234642 0.820421109263718
3.579166754939949 0.8598408808219312
3.5797616124175917 0.8993263024405556
3.5700415065026947 0.9371684170137031
3.5336750958747105 0.9685227497559666
3.522797514802287 1.0073696787688378
3.5121322746008485 1.0439458250824478
3.4272383686662717 1.0585868714195144
3.415891882047651 1.0946468152609579
3.3507011130750723 1.1138954398135723
3.3387489238368175 1.149224357372612
3.325704234117666 1.186445256710915
3.2804549472483453 1.2085658190904858
3.2146836581624894 1.2632992432290284
3.2012683641526003 1.2969182166488886
3.172453940319686 1.3658887204125003
3.1833089111555712 1.3710216541534024
3.1690777012727898 1.4036034066984782
3.174639492754558 1.4473372416417263
3.1425253419111927 1.5158019248720926
3.1265059610607686 1.5485740135529458
3.138617256371609 1.5957827916124283
3.121171321350662 1.6296412435803662
3.138182928718957 1.6808949717031432
3.119927890474761 1.7145407426590096
3.06721512153374 1.7290553485168607
3.0490373487775035 1.7609123333544607
3.0296998187449447 1.7939788204705343
2.9422882402044532 1.784214368161679
2.922888048172153 1.8158211524961319
2.7764623007872693 1.766900702446819
2.7579287099231866 1.7956921314583485
2.738371595082049 1.8253772232740813
2.5627657640214285 1.7477515952673779
2.5438176623774025 1.7752170854790597
2.33484220605173 1.6706743766633552
2.318745173674279 1.6929447184011177
2.1393026623224496 1.5975869675795678
2.1224139534606135 1.6199564840314966
2.104818484003818 1.6427535266727835
1.933105505802062 1.542346298156725
1.9166811064033278 1.562709997522418
1.8004295489807232 1.500929525046752
1.7846568121779447 1.5196499803398331
1.7683354573005954 1.5386116178079163
1.7210296074893463 1.530315683166407
1.7047987626821823 1.548376626908744
1.6577404702270078 1.5390063461115226
1.6415364531245455 1.5562782762293146
1.6237265712871505 1.5748511109613106
1.599941041525824 1.5834107690808668
1.5831351031821022 1.6002138122990297
1.5342746973993981 1.5850669237984827
1.5175952004479007 1.6010436619834876
1.5004133163921374 1.6171567270964022
1.45457204756616 1.602222256255102
1.4376551089464484 1.617418865884832
1.4200266203688625 1.6329177558725323
1.4025601105762877 1.6479445185503767
1.3850785682246185 1.6626645361722374
1.1629974251026276 1.42713628963903
1.1322158524420478 1.4516777409187365
1.064425333995831 1.395357914066446
1.0497069522629563 1.4064637621961025
1.0344710841192564 1.417707507252864
1.0194047708072218 1.4285793339032575
1.0039177575755527 1.439504823202921
0.9520364506487032 1.3963261068375894
0.9366453706372837 1.4066966445057532
0.921733751237331 1.416512227914026
0.9181259313589126 1.4438025398808279
0.9023862088063502 1.4536918965709695
0.891684057280192 1.4708159442949806
0.8759513750108229 1.4802395713588556
0.8493328178155288 1.4737824685419263
0.8339288634308383 1.4825530853014843
0.8179077733101788 1.4914515997372444
0.8078426471558487 1.5105493230729776
0.7909712469480417 1.5194517058799402
0.7810393611598506 1.5402942953601473
0.7650096966330276 1.5483181727466235
0.7486441623823623 1.5562971818167672
0.7433437464971516 1.589800325369063
0.7265300920795994 1.5975540758618498
0.7248110081339657 1.6410621568020587
0.7079437317827924 1.6484088305482516
0.6900642001210421 1.6559732484890286
0.7003075071700654 1.7317602014716844
0.6812981095028959 1.7393265610539559
0.6870314571713503 1.8099955184632395
0.6677211117311993 1.8172078904045215
0.6482795529455943 1.8242339820408622
0.636524213682431 1.8537629097044646
0.6165680803254705 1.86049557976464
0.60098324629317 1.8802912374616128
0.5604610503330448 1.8927650173911128
0.5398029914980041 1.8987597874322613
0.5187823029140084 1.9066832254423487
0.5002747113703642 1.9116226649533372
0.4839386131208906 1.9323217689429029
0.4628481406757477 1.9374817673136961
0.44262988705293066 1.9422005002284162
0.4171571078847266 1.9253259327556076
0.3931222471616944 1.9303768799865326
0.36753911044643744 1.8956993438549905
0.3455150935455269 1.8998369193518232
0.31489917446863974 1.8290911704775596
0.2955631633098016 1.8323150429154655
0.275704101239205 1.835408196712623
0.24870487363295554 1.7827355064145707
0.2290419412888187 1.78536825028638
0.20617689112129844 1.752916452534905
0.187392926755501 1.7550239004076291
0.16871297541691221 1.756918020832495
0.14405784283818257 1.6868599046502972
0.12593948564381333 1.6883092862256524
0.10078941994752146 1.581792177508361
0.08420000491998968 1.5827619401449713
0.06627189379743931 1.5836139163610874
0.04397850255507619 1.3823005792203855
0.027957947776142612 1.382717380073074
0.01264925367817262 1.2299349561588147
-0.00046124816278054483 1.2299999135163109
-0.013669579579081185 1.2299240393593953
-0.024568039324850917 1.126732182660872
-0.038646312016539446 1.1263371886639988
-0.04704137278629978 1.0809769235494255
-0.05818627304653126 1.080434337490694
-0.07238802989482865 1.0795758301888503
-0.08109406424336142 1.0749454650095016
-0.09230009314194117 1.0740412900843195
-0.10906621909674734 1.1247242150198153
-0.12072791520492335 1.1235322738979385
-0.13298791113505298 1.1221471452050906
-0.17151396158974613 1.2149534809941454
-0.18378561562940293 1.2131577999121639
-0.21995762593928692 1.3542535371159836
-0.23390129645699503 1.3519150060250595
-0.26399596632441014 1.4359338876718666
-0.28021558063946184 1.432857016023193
-0.295504418856293 1.429782199650144
-0.3160634428474009 1.45506869256934
-0.3318665874559189 1.4515459235347545
-0.34485888892578 1.4382327164714606
-0.36115904613737004 1.434226322235492
-0.37565029461255633 1.430499163284446
-0.3933868055391652 1.4360946421554854
-0.4089391370333899 1.4317436160857804
-0.42908227072394683 1.4446236205151781
-0.44551259451013797 1.4396414581877133
-0.4599333395974854 1.4350994122801053
-0.49358739106154803 1.4851250746603986
-0.509445337366488 1.4797602671499006
-0.5567905629632003 1.5638363945742926
-0.5744033786084223 1.5574532926040605
-0.5902532570471779 1.551515740347225
-0.6314593348523135 1.6084909413571074
-0.6488205198960743 1.6015667119922878
-0.6977382904429758 1.6711918734991842
-0.7159648606411958 1.6634648533488867
-0.7635815329097785 1.7234176053989796
-0.781486614099948 1.7153727501574108
-0.8006477037203886 1.706513479151943
-0.8410354773768871 1.7448863360670321
-0.8597761697030638 1.7357286475744784
-0.8993717652027132 1.768441807907785
-0.9177428144030707 1.7589781484178622
-0.9371699314902064 1.7487048119996242
-0.9494758985277003 1.728374819914655
-0.9681031632304996 1.7180105544911826
-0.9319517288762826 1.6131444371303234
-0.9487120302649256 1.603344780024123
-0.9659531505722588 1.5930171094183287
-0.8414821729003248 1.3549659599749906
-0.8558768492621472 1.345919692588343
-0.6717167382584921 1.031580158564216
-0.6826702008689219 1.024364386751895
-0.6937064726710146 1.016922971406556
-0.558199696753237 0.7822621673995197
-0.5666216034349302 0.7761835855780697
-0.4857154058480864 0.6507107994507458
-0.49263092334258113 0.6454911102150331
-0.49948554276653767 0.6402016811655662
-0.47633102925770987 0.5973313574275929
-0.4827720722690629 0.5921377595095881
-0.4640143302397129 0.5570598723047556
-0.47007120193605584 0.5519583907419034
-0.4758077777228759 0.5470209855740621
-0.4817864427406136 0.5417627004430495
-0.4874732084466556 0.5366515359585989
-0.45431966841995813 0.48971179165584666
-0.459613046793696 0.4847471992874387
-0.4389781088579399 0.4532760968146309
-0.4438166491645448 0.44853961020667443
-0.44858990383563896 0.4437658145652188
-0.43958946993077624 0.4257993634635673
-0.4441137844829 0.4210783138945489
-0.4332957323558044 0.401915175531165
-0.43746782884769025 0.3973699771287306
-0.44177310469397985 0.392578048251608
-0.43227702203061524 0.3761190984573144
-0.4363394364063984 0.37139856789781317
-0.4402933902279989 0.3667025095653629
-0.42705112394462674 0.34817860005696954
-0.43081567982538854 0.3435096068767049
-0.4233310173376622 0.33039347717511003
-0.42690307717318776 0.3257648886851733
-0.430582261221979 0.3208861423012335
-0.4217007285589387 0.30765645699848443
-0.42491394212167266 0.303203136182032
-0.41332340917408167 0.28840901412527775
-0.41637662632063804 0.28398328305349907
-0.4094649356434125 0.2727681551767655
-0.4124329008213422 0.26825939372199603
-0.41518061300873005 0.2639868530470697
-0.4077431541496973 0.2532696591462471
-0.4104581088577012 0.24884561654359014
-0.40192193891014083 0.2377977187079662
-0.4044307713539613 0.23350535578876958
-0.40694246246835913 0.22910004853816193
-0.40140029894564977 0.220548860813977
-0.4037573851598585 0.21620354744747766
-0.40603829818690407 0.21188888693247404
-0.3975819895854916 0.2021003749557186
-0.39979426194334355 0.19768800701402497
-0.39728432365898547 0.1914318839034462
-0.39932270852515633 0.18714265803427343
-0.3940313399091714 0.17952243082518418
-0.39590449948922224 0.17535286505839714
-0.39777663679683806 0.17106357653982446
-0.3894249969123634 0.16257973975808238
-0.3911368888638047 0.15841696301199465
-0.3906786018368956 0.14864127982081005
-0.39225820062283795 0.14442127282410086
-0.3937917712602386 0.14018573710518448
-0.38861960450833266 0.13377519572696242
-0.3900433617556628 0.1295653346784592
-0.38376983751118343 0.12300289352954223
-0.38507117997812934 0.11886625404315196
-0.3863180008342628 0.11474930165982948
-0.3865639938120094 0.11032805032315572
-0.3877235155732235 0.10618133297119754
-0.3830294029494625 0.10052102504540168
-0.38408697173650536 0.09640123516989275
-0.38023153023112644 0.09113168174732639
-0.38121892407829777 0.08690875631709977
-0.38209057480313424 0.08299272646810973
-0.3770671300089057 0.07775203834528749
-0.37796439043948926 0.07326608737816784
-0.3766804862083927 0.0692878871795707
-0.3774007548845473 0.06525082537848767
-0.37809608699177194 0.061092953779551575
-0.3747640384589003 0.056505888878734756
-0.3753346768469344 0.05258212962791938
-0.3748827508605718 0.04844505245337656
-0.37537651915917003 0.044457495025532534
-0.37583907645298775 0.04036073105092688
-0.3762402493202761 0.036431782709832994
-0.3766108710713037 0.03237671680257095
-0.37693234823049976 0.02839022468106388
-0.37722349313591824 0.02421644536953848
-0.3764580913555063 0.020206569549760238
-0.37665372722271323 0.016154558775712115
-0.37680391103490307 0.012157821712826028
-0.3769138636610879 0.008058497382938306
-0.3769786222750589 0.004014766194744098
