3.6118870837061037 0.021315778581852424
3.611548526619318 0.042620711580781644
3.6129646129698467 0.06457140954907689
3.612099021514157 0.08748444216986567
3.6281090311542763 0.1083270868733371
3.626848666036774 0.12979015750414427
3.625333845112536 0.1516041419014371
3.6145846144643974 0.17301107237207208
3.612693231337116 0.19377811158580177
3.614450229286061 0.21602378047181983
3.6120788186037545 0.23709666325387063
3.6094055478172318 0.25877663032300835
3.6065188550901364 0.28028215099746784
3.6031858888468586 0.30318689735016546
3.5793344673811127 0.3197812787470951
3.575855690618432 0.3406160446173354
3.5720371976641383 0.36206945608401225
3.5670452728796684 0.3830781831973076
3.56267270906363 0.4048849677338391
3.5584865560227925 0.4246721204387953
3.553683200143006 0.4462487573976903
3.548976228487983 0.46637716580977545
3.5467389786276735 0.4881150982009105
3.541170996912531 0.5098079645764779
3.527214735742127 0.5271122862715337
3.52139635546653 0.547941643973093
3.515578439781383 0.5679465124857473
3.5103101567516655 0.6121691800568091
3.503928384642802 0.6317378460654774
3.5188212223892346 0.6595196104049401
3.511731478862652 0.6797968466576013
3.504269994698669 0.7004261469208091
3.531733413008068 0.7354556554056819
3.5242924138765055 0.7547103456938506
3.5643429733986713 0.7946808685625117
3.5557935839100314 0.8154952220193298
3.5469021311894977 0.8365005030302087
3.5961335452374676 0.8837080228093999
3.5867780044859403 0.9045452785189175
3.646806344675959 0.9582190706692483
3.6365445337555777 0.9798399675611702
3.625745028206106 1.0019765869012323
3.5960871538676984 1.014276626056399
3.5852766225947397 1.035276645046542
3.5301199047837732 1.0326461897268975
3.5190955326342497 1.0529925624729104
3.5074542105928384 1.073936420134662
3.3805660004870917 1.0279692203122635
3.3696083578880733 1.04671976177613
3.2855632269015147 1.0216249840902256
3.274778876529622 1.0392096586975015
3.2204230908575346 1.0298684414116757
3.209325791638239 1.0471248714303156
3.198197720638553 1.0640319759037955
3.1617346127511246 1.0644646538683638
3.150575716193714 1.0806548701367846
3.138695881662697 1.0975039789241112
3.127114102675055 1.1135629831360965
3.115050539625687 1.1299211752949472
3.1172101471927545 1.156951757531549
3.1046358832821404 1.1732582233846789
3.110669874569207 1.2043672737454534
3.098049691396005 1.2200291480568548
3.084897646430489 1.2360028234697504
3.108149882282642 1.2829200803521836
3.094174500887087 1.2991699507373256
3.10934355938114 1.3409858387599294
3.0948809420880004 1.3570895213588874
3.08053620181222 1.3727248650488724
3.1077916318970997 1.428458397987523
3.09252490519503 1.4444024395481219
3.107905878710941 1.4915967487725976
3.0921566193742667 1.5073518578147436
3.0758325328415506 1.5233382208185064
3.0988407484178024 1.58024061803333
3.0822060865311665 1.5958537267086745
3.1230964564548716 1.676425418661568
3.105572130223618 1.6921813025482577
3.0874404890711142 1.7081410338352878
3.111689673596077 1.7743605413621515
3.0928965066507383 1.790201391025608
3.1517404193330307 1.9024002394365258
3.131373588168577 1.9188329613230275
3.1111106852743013 1.9348306119270056
3.140440741967854 2.0170489137563146
3.119024376930374 2.033226239819683
3.105141926484354 2.0608861640418104
3.0831959938567524 2.076736296164557
3.0611646929049225 2.092295806096276
3.0424023216867253 2.113754134802046
3.0200232735775137 2.128852954644403
2.9836951231532125 2.1240557445985306
2.961329397185721 2.1384590883058676
2.9381914527693453 2.1530138494062387
2.8987795801598883 2.1408380607041964
2.8762698522021526 2.1543331368105294
2.827868209348436 2.124724843473024
2.7403152952222554 2.1276928884315476
2.7177975657243705 2.1396085160750022
2.6945994656837158 2.15156873227999
2.64059724958654 2.100355532797466
2.618085361718734 2.1113593242870894
2.5949987927430134 2.1223367787511824
2.5368734851135644 2.054466371808301
2.5147584388944404 2.0644081472595013
2.469228200918777 2.0188230072811004
2.4478096896859176 2.027910927549499
2.400740770051068 1.975914527295658
2.380004922055674 1.9841916040465755
2.3587184885711565 1.9924282308530714
2.32015102507746 1.953485730963982
2.2993905271282378 1.9610142504743011
2.263655659740444 1.9269159725567888
2.2432286692167103 1.9338306231668014
2.2223337727806785 1.940655733317109
2.1863904909788716 1.8974567694916153
2.166010238550168 1.9036355769569924
2.135493164936199 1.8729525008143193
2.114291970394552 1.878884714182243
2.0942277869174024 1.8842618965098048
2.061392314155866 1.8390032986479101
2.0416371259779833 1.8438472412208955
2.0162887343272673 1.824101063448021
1.997113945659522 1.8283712736101294
1.972889896533397 1.833465059678889
1.9601455513505857 1.8492569269418413
1.94079208541336 1.8529211409338533
1.9233346017608182 1.8722859651517374
1.9035771056529955 1.8755908244932715
1.8831513996993543 1.8787829264841365
1.8633724945734718 1.8826672380168903
1.8434392575740448 1.8853483306465673
1.82235260926431 1.8819097526590782
1.802438559683106 1.8841559461874247
1.7819943424245717 1.8862404563908197
1.7578986473195095 1.8472639273191769
1.738910673478896 1.8487887453123573
1.713888387384212 1.772344615253767
1.694989577051295 1.7734579161208242
1.6760933042445998 1.7743691298738091
1.65255971462518 1.6541651901785746
1.6172679174569993 1.6549099126619244
1.6002214262699639 1.5689999843755278
1.5827466309057208 1.5689051345619647
1.56824171938968 1.4916619629167582
1.5523718000261664 1.4912396033391992
1.5363584539291228 1.4906420608629385
1.5223160320205291 1.4439117705451965
1.5077066993533075 1.4430516091449188
1.492315496761719 1.4108965404175902
1.4793850377685567 1.4098500029740426
1.4642649220277262 1.4084747028640099
1.4534385856575573 1.3681724130481299
1.4388264843536758 1.3665281182084046
1.4271376070372113 1.3419119170419413
1.4130193915708358 1.3400176312539547
1.3983702312953152 1.3378917879903798
1.3821907887793297 1.3495362712826318
1.367715516157668 1.347120231666833
1.3456102768194034 1.3858451820965065
1.3309327748605257 1.3830704350667553
1.3158883338078555 1.380058535401134
1.2839829619101701 1.4581485629512965
1.2684251522833483 1.4546896989948335
1.2361068685090395 1.5200496007873239
1.2201666481247702 1.5161449880546476
1.18049984520015 1.5978496863356395
1.1635297173433063 1.5932977412767475
1.1474218202985296 1.5887973411540264
1.1054571359677192 1.667197755407183
1.0735187808412645 1.6573890689494521
1.0453599920826309 1.7334285279807244
1.0268715361801446 1.7274037640226134
1.0086738238221034 1.7212592347949298
0.9518375945728083 1.8221529837504964
0.9327091074897343 1.8152352092147324
0.8725676747257427 1.9144571586081751
0.852467672012928 1.9066985652205826
0.8319139098357432 1.8985119852390149
0.8116567799237636 1.8901901934355259
0.7917708676342529 1.8817730122401353
0.6958780786981678 2.043963931047092
0.6740853047862521 2.034184597618228
0.6306366620863294 2.013842029333201
0.5908911716444549 2.041183081581586
0.569063791518964 2.0302461757242014
0.5429301188363771 2.02353459726705
0.5232542976020771 2.013133798923361
0.5012608332551372 2.0012149418442795
0.49162210285851127 1.9695426974625887
0.47065729412660984 1.9575967543624933
0.4670196021610251 1.9126119361001168
0.4484083573607598 1.9014640908004168
0.47302065740245003 1.8156779894459243
0.4541613220564724 1.8038355590598132
0.4347857913017681 1.7913807099128183
0.48403805423745494 1.6705418089978694
0.4689976920845018 1.6603959706918756
0.5173743558980235 1.552858884359033
0.5009547735957647 1.541281476667407
0.48452829958959365 1.5294351524610372
0.5461308037634989 1.4083468028947381
0.5334309091373908 1.398753507383094
0.5457927269616687 1.340026874907024
0.5233909010673943 1.3220960056272475
0.5588206589858302 1.2774386794853594
0.5321891383041415 1.2552625078621396
0.49910935243518795 1.2663821627393241
0.4858278495899764 1.2547128831930845
0.39852228218505337 1.322807731151503
0.371231240781968 1.29749617971298
0.357104890403944 1.2839706953595968
0.22619963365954865 1.3895281765559278
0.21143097074184203 1.374769817454928
0.07419303391046062 1.4761578852658803
0.060253263381621514 1.4616117771395571
0.04449128348505038 1.4448258140156602
-0.06451974674969163 1.5138936596341046
-0.0807997198209045 1.4957982156193288
-0.1339939956800651 1.5095250322354647
-0.1497409671018306 1.4912436246453995
-0.16542742183130743 1.4726394732744543
-0.22198568687989284 1.4873708874402525
-0.23790467092862833 1.4676547347992748
-0.3211104187071583 1.4994344797738934
-0.33632313277981574 1.4797370460530337
-0.3525070573368785 1.458315874922056
-0.3935179839783747 1.4566561184970168
-0.4090694142764244 1.435131035347987
-0.4068486083402121 1.3966329736917116
-0.41956392240478335 1.378182340374816
-0.4341435699020155 1.3565710217405806
-0.42655603625521543 1.3208450446276998
-0.44079108218070395 1.2987427608621005
-0.4424647341553878 1.2678934536196487
-0.4557373532523523 1.2462583738707682
-0.4689920591500254 1.224127386824646
-0.5069527810994567 1.2166507215373126
-0.5198267721754415 1.194078496568901
-0.5791530964560643 1.1964479855831371
-0.5915905538444561 1.1735104789901756
-0.668117089305825 1.1827970532592944
-0.6803777402170361 1.1589828997541949
-0.6925903894565231 1.1346335558988134
-0.7876800403584316 1.1495581868152471
-0.799625185131128 1.124410499277021
-0.874590361536042 1.1266603492592253
-0.8861900736783812 1.1008269244268527
-0.897934654378095 1.073910360531542
-0.9628837057698445 1.0692783130221195
-0.9739224259277481 1.0424261821856822
-0.9543727338414976 1.002355194832209
-0.9648741114766319 0.975170135041552
-0.9750371708850221 0.9480082112305062
-0.8892184680717272 0.8854125694898634
-0.898491711550566 0.8588964823033807
-0.7868167166123623 0.7926733004837374
-0.7952330868097728 0.7668659986280055
-0.8031530213995381 0.741674157388723
-0.712370971518482 0.6860644941101905
-0.719523738804364 0.6614783633067849
-0.6281922587529358 0.6093104775346386
-0.6405598743990599 0.562131167284708
-0.591024983155275 0.5248033185769952
-0.5964236916383396 0.5017289774467968
-0.6017009801478537 0.47803953185482534
-0.577835548737268 0.44582656118298153
-0.5819805855305646 0.4250761394946719
-0.5992223897093805 0.40387730884634016
-0.6033249300550034 0.3808611985988019
-0.6073162190093337 0.3570029541871309
-0.5991017518265012 0.33185461442266123
-0.6025010246161666 0.3084886327966336
-0.5809707503644228 0.28101171871444536
-0.5837716078964563 0.2583458235492211
-0.5864258230670307 0.23482572309194627
-0.5729335708066214 0.20940080434798905
-0.5749941113447665 0.18678762168727442
-0.5630486024614858 0.16056694363851004
-0.5645122876785384 0.1394544961219249
-0.5658889905961848 0.11612872346770352
-0.575996529660245 0.09339755300096897
-0.5768638935251529 0.0703391005523292
-0.553506561856338 0.046103015537969964
-0.5538761542927255 0.023097878023302886
-0.5539999838209093 0.00026400666932619387
-0.5658788366344125 -0.02290993276208383
-0.5655174552993265 -0.04571816700097227
-0.5658476110932233 -0.07066205149708206
-0.5650086711742337 -0.09287870445035575
-0.5639231166115599 -0.1154371924213009
-0.5825307386425149 -0.13974467746772287
-0.5809301778046287 -0.16282677771506163
-0.633827446220808 -0.1912562169201934
-0.6316528767658518 -0.2151498027484505
-0.6292389301405654 -0.23886772981243432
-0.6563635072840261 -0.26609720591717345
-0.6534295350520645 -0.2898953786369056
-0.7462080048124058 -0.32782464543440193
-0.7426439234569733 -0.3523924628735965
-0.7386770820666522 -0.3778233791286737
-0.8350996121820611 -0.4196794952708259
-0.8304797945905031 -0.44565566089448994
-0.9707889701032331 -0.5002050291586022
-0.9653805467670864 -0.5272415483144376
-0.9595791295295504 -0.5547212630472623
-1.0518939995819019 -0.6048621454360529
-1.0453962936698136 -0.6326756273462841
-1.0819755557454567 -0.672482058038613
-1.0748480147987034 -0.7002950076413754
-1.0671778694554792 -0.7289631079052844
-1.0874213301913844 -0.796602532027339
-1.110168848404598 -0.8353926101763726
-1.1012360807142714 -0.8638400524677007
-1.0918453940111905 -0.8926726022124454
-1.0995404564991111 -0.9292504095907466
-1.089875520407133 -0.9568671196746462
-1.1039282073707954 -0.9944512302695168
-1.0932277631747565 -1.0230763488932269
-1.082242768241949 -1.05153922048289
-1.0938491863658095 -1.0899598896823066
-1.0821356615513804 -1.1184740913558704
-1.099344495502478 -1.1599065887391413
-1.0870162539251194 -1.188186707189666
-1.074177332249016 -1.2168071316710534
-1.0762301400190712 -1.252923476375753
-1.0628984058030477 -1.2810140828154803
-1.0956424259842183 -1.3347568734544573
-1.0819673309777245 -1.3620261508386033
-1.0674732881000413 -1.3901979201799843
-1.08720497133215 -1.4384830350225815
-1.0723085096718634 -1.4659710874145315
-1.0982414302415937 -1.5222014269234534
-1.0825245328579767 -1.5497309865312405
-1.0667888127293024 -1.5766551393065755
-1.048792992628241 -1.6430412904743221
-1.0309365025261341 -1.6714850043226688
-1.0520786307111707 -1.7255071534262503
-1.0338990502326442 -1.753131995368168
-1.0147687929418208 -1.781538705573801
-0.9999449169507599 -1.8118629718667756
-0.9800352033237969 -1.8401030812457044
-0.9611102282728536 -1.868050962537203
-0.9413830390929228 -1.8948013744482086
-0.8728366529744727 -1.886048484982824
-0.85286572073039 -1.9119492033173326
-0.8321074924122018 -1.9382861360883823
-0.7229053564180519 -1.8921222754157097
-0.7026010971205419 -1.9167796397967285
-0.5661417087024958 -1.8428689855275744
-0.5466556015482191 -1.8655309507863043
-0.5265027360063455 -1.8884708400601597
-0.3676545460101821 -1.7854928136415067
-0.34770935508859613 -1.8072291686724085
-0.328934004435232 -1.8272554847457594
-0.1910510439455464 -1.7326858220639911
-0.17230279430319606 -1.7518581007904386
-0.03736731989337794 -1.6534682518104713
-0.019687416246847667 -1.6707907330517517
-0.0015402993665099007 -1.6881936113802318
0.09321645178950799 -1.6221588512973075
0.11078583093820193 -1.638303133936323
0.21543265809374645 -1.5562333615903021
0.23220304309923945 -1.5709934706080162
0.3658763517822432 -1.4485675065076167
0.3812687545618889 -1.46154136150602
0.39707636075944386 -1.4745791664594534
0.4745689739517931 -1.4099010623473125
0.48953558918443707 -1.421718956865964
0.5596558019007924 -1.3621600307898176
0.5741972832967386 -1.3731441244109113
0.5888653014298397 -1.383980715670356
0.6455527687833873 -1.3361117029735732
0.6597896462100553 -1.346168076662861
0.7945517965951456 -1.180378833947768
0.8075042973211024 -1.1891137713589397
0.8197201817752879 -1.1971651537157313
0.8949193083350253 -1.107623680787496
0.9086054528947509 -1.1162179806082355
0.9567895056812293 -1.0601321898698306
0.967891111153196 -1.0667888041411284
0.9795370291374 -1.0736040712424466
1.0125782495787725 -1.041802134348006
1.0236042340165334 -1.0479427088139563
1.044739493920565 -1.0626790533309716
1.0562834768753881 -1.0686315279277903
1.0663962492587915 -1.0770659391118607
1.0777901064299287 -1.0826360547559528
1.088748570110207 -1.092271932915811
1.0993252452762292 -1.0971603301169304
1.1111312988587678 -1.1024714930756643
1.1168786319749224 -1.1224427574525024
1.1286063165552194 -1.127418287597093
1.1337870934867555 -1.1522562760950676
1.1452945809157986 -1.1568457035644213
1.1574991801014676 -1.161568777296087
1.1432221782211465 -1.2395140263550735
1.156202960131125 -1.244220714906975
1.1484046851558156 -1.3145956304547728
1.1612010920262983 -1.3189221047359418
1.175193075092729 -1.3234950232436946
1.1684083073747698 -1.4020761786924736
1.1817589801363182 -1.4061164422989254
1.1970664771669604 -1.4687319619921655
1.2126776337709695 -1.472925790601395
1.2179015386891536 -1.5197005513797393
1.2340557779023473 -1.5236711673826948
1.2510882853059397 -1.5276614858499413
1.2600492934093912 -1.5614216333484514
1.276682318934651 -1.5649503752868732
1.293778739264316 -1.5683853287612226
1.3007155547589329 -1.6226302169122657
1.3189658359962575 -1.625890463303945
1.328315067326596 -1.6720715586834936
1.3463909369530236 -1.6749084879898468
1.3612192036001833 -1.7003154799244373
1.3791435193100139 -1.7027364490540613
1.3996204057646826 -1.7052674330479927
1.4175206022617863 -1.6982241516952639
1.4346878387815332 -1.69998114382286
1.4560762521048887 -1.6698089575732382
1.4734283612037589 -1.6712138164377512
1.4915829797924642 -1.672489685985931
1.513381467680567 -1.6006580615043386
1.5302467371542448 -1.601481652196606
1.5506003383781053 -1.517195990448051
1.5666079761560474 -1.5176326870305623
1.5826185567790265 -1.5179004860107121
1.5992871503752586 -1.4559998254963538
1.6144030918734475 -1.4559287588836498
1.6291675024053511 -1.4026967800645418
1.6438227381650872 -1.4023154308570216
1.659724302133078 -1.40172822178007
1.6730041038802166 -1.3850773988541747
1.7026799216371349 -1.3831940694250362
1.71667649068465 -1.3750587611158713
1.7323581695923937 -1.3736379854030505
1.7432837988531955 -1.344386013385366
1.7576600277283536 -1.342775973741225
1.7719336773736543 -1.3410230462541546
1.7827686975600776 -1.315362916913881
1.7969849868959762 -1.3133091467501445
1.8046537297950112 -1.27163707514408
1.818087868634458 -1.269402096088737
1.8318666097473684 -1.2669577243476837
1.8417918643699058 -1.2467705058768936
1.855162997693768 -1.2441028271842847
1.8657846305282826 -1.2296025903416699
1.8788294822876894 -1.2267102835662458
1.892272001639499 -1.2235771643250133
1.9057085566861423 -1.2233819020930772
1.9187742637260259 -1.220042609414085
1.930077779860003 -1.209778764585778
1.9428760428417813 -1.2062139193547556
1.9559255308831995 -1.2024279672668599
1.969806279196566 -1.2024172802595576
1.9825691895663202 -1.1984176297078448
2.0042838322925984 -1.2207991574975838
2.017121414115823 -1.2164726572701978
2.0303397366099545 -1.2118596086570734
2.0622405782243174 -1.2588147790055726
2.0753762479900124 -1.2539132437481224
2.104223258867425 -1.287807402221743
2.1179213651591295 -1.2823597231322044
2.147387077672679 -1.3145886760492669
2.1612228726565315 -1.308741719059628
2.175463509252072 -1.3025428014154814
2.214091975524341 -1.3509800315314109
2.2282712774756677 -1.3444445700359284
2.267830420990958 -1.389880041154286
2.282630115423211 -1.3826713729289737
2.297400346126773 -1.3752806103563948
2.332347536498413 -1.4045366089158038
2.3462375109178892 -1.3972063474301402
2.382370185973729 -1.4276837507303333
2.4052999679450915 -1.4148766595105151
2.413671515326664 -1.4100789570609196
2.448823072201736 -1.4358702560113172
2.4637207730510244 -1.426958452864042
2.497010257131929 -1.4476123785738053
2.5124000328196394 -1.4379621622666994
2.5432642255670443 -1.417907472568434
2.5590992593769704 -1.4410029877354689
2.573718939991437 -1.4311647095641902
2.623837513187956 -1.470721165479406
2.6395219534656267 -1.459677398695687
2.670673892059513 -1.436983443489219
2.717377736144722 -1.4669025171319656
2.732863648613372 -1.454976272538628
2.7551965181632267 -1.451394503373758
2.770657574690242 -1.4389530370447676
2.786457915427434 -1.4259532302707507
2.847102688778963 -1.4677230268822115
2.8626302002479944 -1.4543868046093205
2.8489255338476847 -1.4078739328872012
2.863772512323213 -1.394561951688154
2.8788447818489233 -1.3807534261908532
2.8350262844954006 -1.3053425131380214
2.8489780431789358 -1.291999554046717
2.862595972634606 -1.2786948071713098
2.8760889374726926 -1.2652296327781034
2.8896588745968836 -1.2513948166639897
2.829008443434797 -1.1672888442737632
2.8415249322478466 -1.153967435678746
2.900163987344917 -1.1832741043441146
2.9126901476162854 -1.1693624657697606
2.925235899921165 -1.155125019017483
3.11155054625518 -1.2897224298722834
3.1253383276389775 -1.2733860318990187
3.2551546686703112 -1.3517514648702518
3.269284469719394 -1.3342632270858856
3.2835669455527183 -1.3161957832489395
3.4960997738238757 -1.4500257403594763
3.5114448008438925 -1.429736959488301
3.6445114196758754 -1.495346800850872
3.660245246409796 -1.473593744776979
3.6762444126290204 -1.4509645547106849
3.7646831996818078 -1.4795373077470304
3.7804635914856317 -1.4561808013449364
3.863764407029386 -1.4770171662735987
3.8794616664227046 -1.4526746061349827
3.894998470181547 -1.4280024586338633
3.9601627344350026 -1.4346692535160475
3.9755095986983995 -1.4091125386184633
4.069673068271744 -1.4283990814381076
4.084348252012483 -1.4027197734125378
4.099354966845095 -1.3758029472663447
4.147100153931163 -1.367538593913841
4.161580532721464 -1.340218703936942
4.102887093894935 -1.2751616349365942
4.11667014573635 -1.2477389060053299
4.14590129731712 -1.2289489754741687
4.158560005891493 -1.2023725280679536
4.17125200361049 -1.1749860143546573
4.1806551634358335 -1.1443548083666946
4.1920926373724186 -1.118206045091734
4.200550494063693 -1.0880708284965104
4.211688375824428 -1.0610583525817805
4.223273385327944 -1.0320841757483112
4.244179907492709 -1.008569589474046
4.254675669021298 -0.980610571178144
4.265140860627604 -0.951800500637165
4.236418660634737 -0.9098448471343558
4.245835541353591 -0.8820857600653966
4.232357212335213 -0.8461208581915406
4.241158346689945 -0.8182344332219452
4.225840678704147 -0.7826625901769836
4.2341285484160185 -0.7542988734047826
4.241897439357064 -0.7266208914685751
4.2148170303002 -0.6887291906490156
4.221899805052745 -0.6612544232474992
4.182201176310404 -0.6217500181432805
4.188696250333648 -0.594127699664399
4.194931911952033 -0.5662723481973703
4.156776529937922 -0.5293531675154141
4.167487231802329 -0.4746897034189967
4.065024308235657 -0.42855473373575353
4.069436155581352 -0.4023544128098912
4.073636544686992 -0.37566773189748226
3.9249821065453614 -0.3279667730790627
3.928471134705664 -0.3022022085334876
3.772618397134121 -0.25898513554712416
3.775206444397973 -0.23626452177491486
3.7776572254725056 -0.21249237244520022
3.7209991667000146 -0.1844004741258651
3.7228400392727257 -0.16183685507501966
3.6665731893168454 -0.1353375527959732
3.6678923488977953 -0.11341178673294869
3.6690281946058603 -0.09035114789539092
3.646856873363569 -0.06841739518802463
3.6474771993180157 -0.04627221923417526
3.6388536331182753 -0.02443077404441636
-0.5008820888998624 -0.022258673360075427
-0.5005285558783235 -0.044506021387287625
-0.4919239994766085 -0.06710425034072312
-0.49102445483074986 -0.09091605633640926
-0.4900207790280158 -0.11163396987981017
-0.5116749272938521 -0.13522204494277132
-0.5100967091374327 -0.15794897304945313
-0.5530748525507234 -0.1849045140435449
-0.5510534485259679 -0.20709915882142274
-0.5486806246234832 -0.23041825745291292
-0.5938213772436791 -0.2585126007540971
-0.590906641228166 -0.2821508274351068
-0.6422303494195796 -0.31320769489549216
-0.6385058501230447 -0.3388031271474695
-0.6350190694019142 -0.3610896833333779
-0.6823350521058793 -0.39344975527867726
-0.6779242642344854 -0.4182308530127545
-0.7950052224682591 -0.4664225384238675
-0.7896813423728823 -0.49297371320886607
-0.7845844294888287 -0.5170658552248812
-0.8937732664500047 -0.5696129348419611
-0.8877650661039218 -0.5953057835036961
-0.8811949712653644 -0.622121784353727
-0.8740983607883672 -0.6497701910247292
-0.8673750220362164 -0.6748514656068981
-1.0224463770556693 -0.7478662978551671
-1.0145057083502658 -0.7751702400143305
-1.020724601884638 -0.8398253158107365
-1.011969548622628 -0.8666712623989001
-1.0271490171499722 -0.9029795355864582
-1.0174421134945524 -0.9307420601354438
-1.0072262421256295 -0.9589866121961595
-1.0055504380582936 -0.9919934045820229
-0.9955139089925962 -1.0179644140273134
-0.9845154364490298 -1.045573507103484
-1.0046481801765492 -1.0860441323919527
-0.9928068967516577 -1.1140181309821837
-0.9804346608612615 -1.1423838938928657
-0.9683405994774725 -1.1693205570226228
-0.9902062591917002 -1.212613514209757
-0.9772200736906873 -1.2399744722234276
-0.9635534427740984 -1.2679880701493476
-0.9978552775214253 -1.320054528060897
-0.983785653524373 -1.3473855040936236
-1.001120931526784 -1.3916428778868652
-0.986263965861597 -1.419062612743301
-0.9705755693233771 -1.4472875465496813
-0.9842455960376855 -1.4919553275349187
-0.9683420914095384 -1.5191691484143817
-0.9929110623873121 -1.5715712591382867
-0.9763214376650509 -1.5986218595488697
-0.9589181309791899 -1.626333913729271
-0.9791122192035733 -1.6781266819745218
-0.9612783262525135 -1.7052220780499883
-0.9574437177062056 -1.743131271810893
-0.939170286571188 -1.7696438217319308
-0.919716271823305 -1.797235351730225
-0.9266062428914794 -1.8423870096648536
-0.9066471097404887 -1.8694515953160311
-0.8714303655529774 -1.8845943723312655
-0.8509477595602166 -1.9111564770857346
-0.8302080590895939 -1.9374603968948603
-0.7905213243136044 -1.946868459347455
-0.7695338736776387 -1.97235854283501
-0.6599397478447471 -1.9224363022247113
-0.6389978505717102 -1.9467864867866898
-0.6180397923149297 -1.9706314926204602
-0.49461029478303686 -1.9015385120972226
-0.47451060669973844 -1.9234465791100839
-0.2794764251235391 -1.7805868042319195
-0.26044630695711746 -1.8004612017284964
-0.24062627061887087 -1.8207185207789989
-0.13064841285275608 -1.7482723103367612
-0.11171524318256232 -1.7668137780356086
0.022707531968042316 -1.6629529368835594
0.04021287863662382 -1.6793832606135355
0.05874742684566647 -1.6964092978244207
0.13165172818367687 -1.6503437074300664
0.14933508151960728 -1.6659088493342833
0.2854590440243474 -1.5429553055946301
0.30180127885840924 -1.556730252942474
0.31878703462808367 -1.5707394237628665
0.44102153693799684 -1.452216554842437
0.4563569640571685 -1.464323941735388
0.5469406275357651 -1.3788730754007898
0.5615810504435781 -1.389932043375552
0.5767158140868518 -1.401111870929679
0.6218578143961928 -1.3695717815223147
0.6363870775239093 -1.3798330100548715
0.7009645552597398 -1.31748254982777
0.714913199938987 -1.3268934984985632
0.7293910369114897 -1.336437440881521
0.7934056194978488 -1.267047554491287
0.8071149656569789 -1.2756713222122955
0.8899244228279202 -1.1704502017188676
0.9022310592393186 -1.1778283004367474
0.9150156566430282 -1.1853090100711368
1.0014998015548477 -1.1167302773996561
1.0411012171378151 -1.0698042580375011
1.0527002671581425 -1.0757843661399953
1.0717104406962528 -1.066306776462877
1.0831392574892096 -1.0718931723129848
1.0948598279163035 -1.0774661974035442
1.114551825694035 -1.0645374911495626
1.126010906330162 -1.0696888982699808
1.1373080095200325 -1.0746237117920325
1.1487091278741928 -1.079461230770206
1.1605690896061216 -1.084343338150056
1.175241222088819 -1.0805095930103537
1.1868329431373765 -1.0849949230864988
1.188040407844738 -1.1174839123814133
1.1999163699280828 -1.1217905726776622
1.212161977060417 -1.1260828868082118
1.1991656477403225 -1.2050858152217065
1.2121865105831888 -1.2093389505950582
1.1990340952923937 -1.2974553338215582
1.212969836882615 -1.3016803189867052
1.2049775780219114 -1.38163898545697
1.2206172682459084 -1.386015058665238
1.235418208521403 -1.389981696758003
1.235947836509928 -1.4510279191863256
1.2515352634688486 -1.4548499329464448
1.2529073086314593 -1.5208966643393438
1.2688948395356197 -1.5244570747363984
1.2890923364018716 -1.528704165205274
1.294717385612056 -1.5675495288355203
1.3111226324813514 -1.5706555531164355
1.322442770804266 -1.6072096890328862
1.339403021410508 -1.6100466498676451
1.3569368774159745 -1.6127868174187507
1.3694624771329516 -1.6479528059232535
1.3869106130440771 -1.650299643448652
1.4032267410362806 -1.6654156491869523
1.4208498867606505 -1.667403441560059
1.4389422098965656 -1.6692481505896593
1.4577719843454255 -1.6639324480167341
1.4748754990778 -1.665305935637344
1.4955381852202245 -1.6256471724371546
1.512872735914099 -1.6266683250905531
1.5302049591134836 -1.6275041174349296
1.5505525826758888 -1.5562146230260063
1.583754593667343 -1.5569152471387409
1.5997948031889575 -1.453999985520725
1.6159887818120338 -1.4539120877330125
1.630949423597457 -1.453670572440326
1.6439890479651085 -1.3772977033521558
1.6587788542129154 -1.376745817606655
1.6718281225370348 -1.3350691820324536
1.6853361984541 -1.3342738599078536
1.7017485376887505 -1.333122738189624
1.7123466574000297 -1.3132030416394262
1.7264302705070362 -1.3119220200528374
1.7396380917172545 -1.3035421755131529
1.7535599411426828 -1.3019755544848972
1.7653244172164446 -1.283395432854599
1.7788269824887935 -1.2815837508075518
1.7928373397663429 -1.2795506087653745
1.803469175368541 -1.2606860412786547
1.8169914307729753 -1.2584290679140788
1.8269466870390423 -1.2363430758660812
1.84004081050413 -1.2338676627955367
1.8534622884340135 -1.2311806806240069
1.8656068135151793 -1.2255484570649635
1.8786828813918777 -1.2226413421846656
1.8947464519945978 -1.2312110010215944
1.9076577245515298 -1.2280483396527089
1.9214813534967379 -1.2245022414654476
1.935807342165047 -1.2258362162002094
1.9482002823248004 -1.2223737412873892
1.9591763296565676 -1.2108515037833651
1.9823725013211517 -1.2037276561720287
1.9839815439427935 -1.2000659039866555
1.9967812441829769 -1.195894913554117
2.0093796604308514 -1.1916410087041822
2.0262991622044404 -1.1984377431906057
2.0388800492621804 -1.1938878935476422
2.051803670775808 -1.1890573758542964
2.073412807323844 -1.207513690962449
2.0864295209682817 -1.2023291234643567
2.11042144034233 -1.2238243146950716
2.1232967917563377 -1.218374518667197
2.13640522042337 -1.2126604798963954
2.170462879333035 -1.2532761480627737
2.1972319088622476 -1.240742941562335
2.2434896876470147 -1.3016239940520256
2.257408596712545 -1.2946497352444182
2.3153626659648703 -1.3694090901347318
2.3286781034624573 -1.362370442109765
2.343561985379244 -1.354304461300662
2.389106210840999 -1.4022098231050022
2.404032041482427 -1.3937049459155983
2.4434919291153854 -1.4239193676318913
2.4573478041241312 -1.4156199146534814
2.472789336452478 -1.4061521162999555
2.520102560295318 -1.4484706688566393
2.535661011757682 -1.4384694891017296
2.5743142124776033 -1.4585019079055561
2.587445519205467 -1.449643868886785
2.6031301530664908 -1.4388349092264892
2.649695599228134 -1.4720744373030494
2.6653844872382533 -1.4607600399627874
2.702398704420218 -1.4731996118967128
2.7156834151149516 -1.4631645557617365
2.737678230141073 -1.4461287095770818
2.778902749388373 -1.4477145117337655
2.779539945190203 -1.447195397208232
2.8472912067745924 -1.4662501988074144
2.862940701169406 -1.452792409578784
2.878177228569307 -1.4394054232101832
2.8942611118040134 -1.424960762432369
2.8308316054842066 -1.299674404972711
2.844981671055927 -1.2861262141542686
2.8226401417942912 -1.2366374099440935
2.8357837983008904 -1.2235029235179724
2.8498249241779128 -1.2091561763906575
2.831507281572306 -1.1690140356019636
2.8441138957335776 -1.1555884277901978
2.8147295218502193 -1.1048059507196444
2.8266102844204117 -1.0916002977986388
2.838459391433958 -1.0781383657810486
2.8999380477642127 -1.1078921752476492
2.911592012391419 -1.0940705612669719
3.0695182176918188 -1.19963544790568
3.0823576363739837 -1.1837334319363195
3.095423251656742 -1.1671839179856696
3.317821343073435 -1.312758101586648
3.332179014346464 -1.293754173812673
3.4756347820096263 -1.3705193046855275
3.490266605655785 -1.3502670697097507
3.5067113771674077 -1.326944130014662
3.701337676318106 -1.4339860425004225
3.7165076653704405 -1.4114996643386668
3.837673076824176 -1.4584444457216141
3.8533910626311116 -1.4340396503772928
3.869310858955508 -1.4087119029193353
3.9490476328553292 -1.4240731085786196
3.964193505193478 -1.3987844973408077
3.9788735263790413 -1.3736701734743109
3.9934090189749036 -1.3481848047985079
4.104360577866039 -1.3750007621926907
4.118654148163158 -1.3486401602875846
4.133233199431878 -1.321052064566773
4.144252568639337 -1.2930950726733648
4.157878409503095 -1.2659281346892954
4.162476239539387 -1.2337145220009684
4.175295859061481 -1.2067258339410771
4.188354169992094 -1.1784560622630518
4.175798984020597 -1.1405036580031047
4.187966870681535 -1.1126169494730986
4.194262188303577 -1.0823699452305275
4.205436060238711 -1.0551890522592546
4.21674262202203 -1.026829611032557
4.202262946920897 -0.9893854431325368
4.212574155883345 -0.9618275729102511
4.190973045873298 -0.9216065730874812
4.200625362136282 -0.8940065580372046
4.209839352160635 -0.8667401893957357
4.210470731986318 -0.8357772175902018
4.2191023585113845 -0.8083216164622241
4.203814079039883 -0.7725336509134666
4.211868355967105 -0.7448487706223977
4.219813928473149 -0.7164014099498178
4.196527612020036 -0.6514394523035332
4.203361686598612 -0.6235679022772356
4.1678561934200555 -0.586575289212101
4.174025912875919 -0.5588797722617002
4.142277664855246 -0.5204318156859359
4.147116338035005 -0.49620898874884034
4.152317576608159 -0.46872165315574843
4.103867910227979 -0.43281230126992565
4.108403628131805 -0.4056996898879697
4.0186164051113415 -0.3649803897831948
4.022354993799976 -0.33928201250924533
4.025945636831004 -0.3125760181789616
3.886058318043494 -0.2704466056436122
3.8888368552525265 -0.24582483608806874
3.7619842949115814 -0.208345646836388
3.76403445251527 -0.18584641058394805
3.766040370929621 -0.16078902793123304
3.6467564324705775 -0.13186776004890205
3.64805823868731 -0.10981097825369315
3.65510783356801 -0.08820880005647003
3.6559270105515336 -0.06643137274386854
3.656528782608397 -0.0440268815977738
3.6368828812879674 -0.021843257907832155
3.636999984699718 -0.00024966647419681653
3.6088876190205608 0.021249332834268643
3.6085524319927735 0.04240433864494497
3.60793163391153 0.06550994991123
3.570187863200549 0.08452090686483665
3.5691999935200722 0.10504944321864466
3.5390293667957966 0.12415359319606084
3.537607377903244 0.14466046140848846
3.535917363071824 0.16574970092593094
3.5390097252185013 0.1869365815138202
3.536912326455764 0.20754430761579906
3.5266484173111845 0.22721328322152992
3.524143176937063 0.24753390605439893
3.5213353859586607 0.26845918621474757
3.510505723984328 0.28738802797458324
3.5072706300349394 0.3081278043379489
3.5039305749638783 0.32813467618908565
3.50031847962317 0.3484446527107049
3.496435391462179 0.36899431704254326
3.49538425276606 0.38954272469967177
3.491097982298465 0.40984560671876746
3.4797248644095244 0.4287405207355557
3.4751191375718378 0.4484553711483969
3.4701080909501774 0.46891334824536973
3.475779493922129 0.4910929547257247
3.470400683137134 0.5111969136449706
3.467676329365971 0.5536146030643098
3.475903190909107 0.5782354350409791
3.469720178576204 0.5979259601530663
3.463220207490821 0.6178830458896422
3.517571995019334 0.6600769984763689
3.510706674390777 0.6796940520841259
3.5530977436788014 0.7183106595594807
3.5453686133865565 0.7389871162953165
3.5374339467933 0.7595463789742775
3.5698656300851153 0.7970284809273582
3.5613001654496497 0.8178793682488735
3.5523849737722144 0.8389385640131646
3.585538559316349 0.8779963721268766
3.5760513915291394 0.8991450928719736
3.5517008296924186 0.9137225352249576
3.5419783636228654 0.9342082397520683
3.5312198896263256 0.9562503531563695
3.456335100763172 0.9427321961589008
3.446302987308605 0.9622314061884081
3.3526783080735942 0.9382231868848069
3.3429623744185255 0.9561517459908425
3.3314731966818236 0.9768032397430035
3.2443234628461264 0.9499480772830294
3.2346778422766125 0.9664519398138111
3.1678611072823566 0.9725412835820101
3.1572915775299064 0.9893775530880087
3.127208364461363 0.9936390750766846
3.116739592137762 1.0095469328573963
3.105723369386851 1.0259050320971765
3.0907225983274005 1.03886242344018
3.0793070256987494 1.0550543700294883
3.087382943296632 1.0848838555302809
3.075926238160906 1.100419347116451
3.0638238836418026 1.1164679295348485
3.0717194324382335 1.1471695219904008
3.059264495447321 1.1629716816530298
3.080115595928592 1.2056279785609443
3.0671780688928956 1.2213392297636698
3.0539959641044527 1.2370031270647472
3.0733726210345025 1.280420680708462
3.0595405557961985 1.296165639872514
3.0899965926129034 1.3520555291858165
3.0748931962507546 1.368515275637518
3.060675655597926 1.3836801036162836
3.0805638645777798 1.4323165302776162
3.065065712786753 1.4481652037031703
3.098046851763217 1.512777786035449
3.0818712974600517 1.5286263303253884
3.065268284207691 1.5445484308674329
3.1101864017520695 1.6258222633372739
3.092577344692018 1.6420030055125128
3.128806954577237 1.718356568246612
3.110289486736318 1.734654336245048
3.0915840204418505 1.7507647214753115
3.145989083808513 1.8539993939440524
3.125936765699792 1.870538154405213
3.140293349951788 1.9296262322258932
3.119809662030834 1.9458005013869537
3.1198494002569523 1.9899934172098614
3.0986056024649766 2.0060401910880508
3.0771769458691263 2.021871477268711
3.0496902525299836 2.029392562250969
3.0280661524677974 2.0446669812406673
2.9922022830020927 2.0402629250181854
2.9698141256941044 2.055361102348903
2.9486991959517437 2.069277767444265
2.896317433114432 2.036407894456219
2.8711549403747716 2.052208838681096
2.8521855913592846 2.063837988988525
2.8198682024277435 2.058730329282032
2.7973934590920964 2.071882695550948
2.744883026949732 2.03046887555619
2.7233934201567385 2.0424368346532886
2.652633136212307 2.0145700485582134
2.6307486714447403 2.025854431175869
2.5837486785711454 1.9856723137037304
2.5627430317398328 1.9959413455400927
2.5394139043414445 2.007027034279799
2.4954854443940104 1.9623340232688373
2.4743696420909087 1.9718333420930423
2.4247063614568845 1.916052039317447
2.404686762410649 1.9245454565691784
2.382397524526652 1.9337140723526234
2.34698991614637 1.9004657495402644
2.326940204531622 1.9082248135467486
2.288105878379954 1.8672467164622226
2.268551180423211 1.874337034568418
2.246528544273329 1.8820469817302143
2.2149498364983957 1.848388676277421
2.195340927855658 1.8547973419271349
2.1575093779991903 1.8111345321214978
2.1402636214326365 1.816353550208905
2.1013519538861543 1.827476735374362
2.074552551138128 1.8046484079200287
2.05500684671732 1.8096753215536652
2.0299319163253218 1.7900948431088326
2.0099211657637306 1.7947828943521007
1.9907943980018454 1.7949509014149594
1.9716737047040342 1.7990074088873504
1.9520203103701201 1.802956100709866
1.936649654768134 1.8252131409631307
1.9161208535702707 1.828880424177044
1.9002327000971742 1.8477673895250888
1.8802574769917004 1.85090241411865
1.8603364303205925 1.853809306009637
1.8401508732954017 1.8514903613185394
1.8178850916932663 1.854242456319512
1.7948726121045098 1.8135602182038415
1.7765394508562555 1.8154365376656305
1.7507936165297233 1.7495134424216028
1.7326132444667064 1.7509853589884792
1.7135920569716192 1.752322129231083
1.6888880135155757 1.6425967006703912
1.6715808592521946 1.6434418701580893
1.650603737695683 1.5541763933772854
1.6342059269284235 1.5546237340793967
1.6178051015867025 1.554898060439168
1.6007133392192643 1.4569998253765024
1.5855870158931231 1.4569287099543118
1.5697098709874582 1.4566851094469264
1.5558336765748864 1.413310063600733
1.5398074389050806 1.4127182506037197
1.5284170286394418 1.3581148251201713
1.4993188944293416 1.3562681574751616
1.488988237486272 1.3082986618443035
1.4740679154530332 1.3069468658218877
1.4608493876521855 1.305605647614634
1.4493367190643252 1.2831853240189812
1.4356965154092005 1.2815101891718697
1.417919437596399 1.3104104962929701
1.4037566734462519 1.308364458697621
1.389785027547515 1.3061924304469081
1.3685356238949495 1.3472613861438691
1.353911758133034 1.3446670878752203
1.3248903590436916 1.4185695913323713
1.3096767467185095 1.4155343191191274
1.294706843312107 1.4123813537708367
1.2515739696691197 1.5329002907520974
1.2347761632930894 1.5289851369784744
1.1929542690911734 1.6289121440240106
1.1755575029373535 1.6244659327567401
1.1580537540789917 1.6197915037795227
1.1143956522432192 1.7083221058804194
1.095914080663029 1.702960183306175
1.0538155272279657 1.7759072390479
1.0349653782080903 1.7699999650216025
1.0158947430795915 1.7637984717189048
0.9665333423264391 1.8474114305199822
0.9464591713847275 1.8404057664908744
0.8944023388328265 1.921546497109923
0.874351096468641 1.9140644369518327
0.8183263434477525 1.9964273827645822
0.797090812074349 1.9879821015151449
0.7758441751894516 1.9792683437146277
0.7364892457932145 2.0136608893677277
0.7145782663122965 2.004123088413848
0.6747239506250513 2.03557368632361
0.653359449841243 2.0257264545824363
0.631602580197288 2.0154161945661375
0.6083712979585003 2.008549854319651
0.5869151910998875 1.997813597404879
0.5731414908062009 1.9693660406578277
0.5536657122799047 1.9590879404307713
0.5326509932139711 1.947718433889477
0.5196712960736611 1.8980900641099296
0.5084406698566148 1.8916538342881144
0.5242134444637487 1.8198019911318504
0.5053323056175867 1.80850729577613
0.4865063513934851 1.7969774329448187
0.5349082411946917 1.6786076210136232
0.4988788723269022 1.655196744254871
0.49850414347693905 1.654947394348995
0.4817138921415489 1.643648435940848
0.464180258807112 1.6315812929537161
0.5929631075801742 1.4140624799864467
0.5627846670673455 1.39207771088018
0.6122962527571062 1.2966654571177352
0.5986075123428454 1.286123277786315
0.5849216578943068 1.2753493479780185
0.6054143732011746 1.2225282945458513
0.5919904718524878 1.211483714774503
0.536789919535277 1.2512986553170258
0.5235520307335377 1.2399289372629825
0.39553674605018596 1.3577530224177834
0.3812183263195379 1.3449149534080775
0.36668263599585904 1.3315980172882045
0.23714127871208723 1.440453090457817
0.22174543148367865 1.4257290571366947
0.06549270771620508 1.5540731546255655
0.04909391238711325 1.5377081346618704
0.032601568102619494 1.5208938673311931
-0.060430286410433354 1.5770451052430194
-0.07734046893661928 1.5590474499730538
-0.09361520535828305 1.5413525022457455
-0.1823614234130122 1.5877521079592811
-0.1993959574014903 1.5684206031824417
-0.2645246043640894 1.5908956595958565
-0.28153207903529576 1.570744420827627
-0.3293356479446632 1.575672858676555
-0.3458060898788078 1.5552876456111082
-0.362454497600291 1.534227279397805
-0.3644133810919341 1.5022679748257148
-0.3803112662282975 1.481248219863665
-0.3565320494647932 1.4309990703760416
-0.3715888185145444 1.4101820913302023
-0.38689950896673664 1.3885266800705487
-0.3838801406694836 1.3559603930267394
-0.39834249059495597 1.3345547161067424
-0.4158641981944995 1.315272038187404
-0.42984248282628545 1.2935951820077336
-0.4436778829918544 1.2716248309033333
-0.4850098016007971 1.2674123745760904
-0.4985674948675216 1.244835117389229
-0.512163437288137 1.2216241705955075
-0.5299389500254246 1.2026121856877192
-0.5428048541546091 1.1795352292371115
-0.6422586965599488 1.2038691530649328
-0.6550060379716811 1.1798189559043628
-0.7674514092128306 1.2061603645519872
-0.7804886355363045 1.1802215283930824
-0.7928050042347312 1.1550468439458321
-0.8771060262203818 1.1640939544824846
-0.8893939631701131 1.1375793142160235
-0.9020379675252812 1.1094931315974697
-0.913127009737269 1.084140965432546
-0.9249048252047976 1.0564206660500024
-0.9273805921422618 1.0268063802210377
-0.9385916265252323 0.9987675173612608
-0.8190041627203621 0.9226808011124759
-0.8286061155816737 0.8971027451520219
-0.8381801018250421 0.8707461117136428
-0.7225818032196298 0.8015377516705315
-0.7308777071013899 0.7770830808464213
-0.639169679353496 0.7197382489933127
-0.6466562138932184 0.6960171381330981
-0.654006305223414 0.6718329971154237
-0.5813276191080092 0.6246365488158567
-0.5877610547084591 0.6017163513657655
-0.5806258888043438 0.574365504775718
-0.5865325667137329 0.5514529306298527
-0.592343242688238 0.5278788745907729
-0.5851871209518218 0.5015189392498431
-0.5904508082064974 0.47800549874191073
-0.5200387542380693 0.43893129363112676
-0.5289198992156416 0.3936052117587642
-0.5330046472143071 0.37083173402794045
-0.5387962226797716 0.3484820194080894
-0.5424342095670309 0.32536849521256783
-0.5368447129152001 0.301427724150178
-0.5400514091545241 0.2777480264119516
-0.5428292966249693 0.25543415105607603
-0.5334520245329286 0.23172927958362707
-0.5358557613638006 0.2084134512191043
-0.5050592950855477 0.18301465562609182
-0.5068863330123388 0.1606206081604082
-0.5084834133396878 0.13808220620854267
-0.5158203222184587 0.11604035542593671
-0.5169824936599796 0.0924452353405765
-0.5018261741619074 0.07025477640645329
-0.5024631592606381 0.04751488137181206
-0.502849038964067 0.02519760559853081
