3.6259226321952904 0.0193747929711654
3.6295813603509552 0.04510447245233545
3.6289645750598476 0.07093019881782435
3.6280466172838146 0.09741470267175922
3.6009291717262997 0.12147062341844458
3.599490148097138 0.14718365800854608
3.597752347879995 0.17320415190165742
3.595799968857866 0.19838979112003166
3.593492790000655 0.22451784832142233
3.5959835904964432 0.2500872529174016
3.593156749775646 0.275829242473068
3.5938831384724788 0.3031377893584938
3.590654960732034 0.327624569785776
3.58700656841436 0.3532260499265328
3.5624322160569695 0.37493736081665213
3.558252089724885 0.4003886628117923
3.550858416623105 0.4251890226620453
3.54619706631679 0.4502003176436988
3.5412190728707174 0.4754095632466587
3.535128974008816 0.49971659442581334
3.5296551240845973 0.5246436913052315
3.5237487779716017 0.5502141554662938
3.51790485190389 0.5743353528387463
3.511343376934999 0.6001964627509195
3.498353013345832 0.6218797520776306
3.491564008059128 0.6464482941179329
3.5237717742745818 0.6827655095893199
3.5164448587944652 0.7072250109863851
3.508585614523677 0.7324728393697192
3.5360097150170775 0.7679450575046584
3.5276096530665604 0.7930411735536605
3.5655009415870413 0.8629769958410366
3.5558912421302877 0.8888759504305478
3.566787682550241 0.9246605137716553
3.5580338872801374 0.9467614200201254
3.5919799330475004 0.9906326261021668
3.5814269492414876 1.0157394771428263
3.552003417717912 1.0333638870423443
3.540822254390377 1.058448002195078
3.5295199740577563 1.0830963440368313
3.3985764288939118 1.051299522644281
3.3872836161948183 1.0745973117059804
3.286358251238607 1.0529379124566571
3.2750308125349195 1.0750888926180355
3.2635366751616606 1.0969892389001636
3.1962468601638054 1.089070462957356
3.1845196498981636 1.1102962483806167
3.1586202574785425 1.123552707706536
3.146679633565431 1.1441164295042525
3.13410246243426 1.1652517602671668
3.111293804813518 1.179606710595301
3.09881532001586 1.199590088519019
3.1092783230017704 1.2352053615960172
3.096136971997624 1.2552850606231567
3.0683976035670013 1.2962123263513148
3.0834410851446226 1.3357135466817904
3.068922083425582 1.3559539985132913
3.0543743275620576 1.3757822695756647
3.039669180330624 1.395384644799294
3.023796590324898 1.4160674408795928
3.0650668605702247 1.4784876075242313
3.0489846603615582 1.4985512089173507
3.0830787214221136 1.559499768812826
3.0628796782643786 1.583573270900215
3.048893573698326 1.5998804808913174
3.064201566884555 1.6507127303153541
3.04797152934495 1.6688622551698171
3.0970170952354996 1.7501106080428936
3.0783795388622917 1.7700992367614548
3.0591047599266625 1.790332508674863
3.0805247569648584 1.8500461179230805
3.0604733710725402 1.8702093025995723
3.112442638130812 1.9649751031143525
3.092295867979153 1.984384123104452
3.07068312408913 2.0047714705791613
3.08089692413071 2.059307592564947
3.058752987250213 2.079316794619909
3.054319115623167 2.119282099540907
3.028448831225711 2.1416420969875736
3.0078398227773167 2.159067200246551
2.97334250419785 2.1629760430493215
2.9496465282313613 2.182188357188248
2.8965423120265212 2.1617696878954766
2.873519068891154 2.1796416967147807
2.7952075886861074 2.124843935209891
2.772667063690285 2.141580562758212
2.749196851625506 2.1586194928503772
2.666566326477611 2.08973496167384
2.643973021606231 2.1054099156395583
2.562116439534811 2.0340459201180807
2.5413197148717295 2.0478196752879447
2.5190585314126936 2.0622290344933534
2.4519255777372644 2.004108616768866
2.4309342908769134 2.0170696000741644
2.3675183864326974 1.9607204842459294
2.3468517428493048 1.9728798949564854
2.3255464855089567 1.9851118630844047
2.2662675098942406 1.9300514494033405
2.2463260236763656 1.9409345306263184
2.193577270789505 1.8919760059182777
2.173803205128631 1.9022293020772247
2.1534013251641504 1.9125362514669475
2.10429098137335 1.8642536900880269
2.0842522438048805 1.8738415005880393
2.047640236837463 1.846762039054878
2.028037870296356 1.8556339308589598
2.0081579094046127 1.8643778569449825
1.9709078575356378 1.8324423797734577
1.9515183866271923 1.8404793165263398
1.9182850576070396 1.815040103143303
1.8991068559782351 1.822512991428107
1.879597805815128 1.829877269745505
1.8345706981093988 1.7696666434955908
1.816621474181865 1.7760005511197858
1.7760060360783205 1.720120067437544
1.7583207190758627 1.7259414748625204
1.7398358949232398 1.7318121164122928
1.6968125609351679 1.6571292283032848
1.6793979004284219 1.662250779234235
1.6209814731258336 1.5860818387727675
1.60402411936079 1.5904859354847305
1.586772691852012 1.594768912675924
1.5410577116483317 1.4822687466600661
1.5267927856585983 1.4854788706816038
1.4924695341936915 1.4007935506592415
1.4777244150684163 1.4037913481977677
1.4625701742631891 1.406704625565509
1.430564343163526 1.3210303114090804
1.4178289023655006 1.3231899218533374
1.40070638140714 1.3076872517779057
1.3871269933095003 1.3096993885525587
1.3729423935015161 1.3116477913410927
1.3590725768149197 1.3194456848637086
1.3455591876778568 1.321004739916766
1.3344384126937687 1.3513290913735188
1.3198773669340575 1.352698568379873
1.3077806643956051 1.3848120191500513
1.2923970005386467 1.3859234445998312
1.2783813766842995 1.3867867030618206
1.266682564654864 1.4614795364872715
1.251072519031156 1.4621082715721885
1.2354403235510987 1.5806027279068555
1.2045150225439325 1.5809935529822465
1.1871188883721804 1.6729504107902398
1.1694054201574087 1.6727202311457394
1.150961783526923 1.6722811525952028
1.1280032893171954 1.792554733794998
1.1088466315067291 1.79168274630648
1.085071738643096 1.870472532474476
1.064681357612296 1.8691080399544455
1.0454136906056841 1.8676132021775402
1.0133246694048303 1.9731893778720744
0.9943372489688531 1.971300797148497
0.9653521946108059 2.0375331671965577
0.9437298288089879 2.0349266815680926
0.9216911660049838 2.0320298208737824
0.8930546443109008 2.070370389234953
0.8720758099200641 2.0671513552617324
0.8454100381999272 2.090135392502271
0.8231678483367527 2.086240045985324
0.8006345182732599 2.082043998575719
0.7724798886710657 2.1040046469552522
0.7505104660660538 2.0994209103664376
0.7261687857762493 2.1032878976562497
0.7040901880204491 2.0981919498421506
0.6806346966506467 2.0925094221237894
0.6614377584164858 2.077322004875638
0.6394588413474999 2.0714993626493134
0.6247328614440752 2.039418720934394
0.6030216254486505 2.033169402759649
0.5814159425190509 2.02670046228603
0.5765531929219494 1.967589916304763
0.5553760014655345 1.9607539112579724
0.5534568794626734 1.8968389476404832
0.533762868237283 1.8900116624668186
0.5128037351590194 1.8824923090383676
0.4930925107107912 1.8751794051734962
0.4730473152710948 1.8674998779559362
0.510581984691887 1.7167419142575342
0.49248738760772637 1.7093641810058675
0.4741964440159663 1.701678347432596
0.4863095307394951 1.6251987306439541
0.4690424900590203 1.6175061417691379
0.4921541266999858 1.5213935124260718
0.4765614694647362 1.514041179273859
0.46021150400699495 1.5061198429064027
0.4801195653242475 1.426666099608121
0.46509673346696867 1.4189859720374547
0.4714538502808623 1.3703738569198625
0.45695589916628954 1.3625672329159477
0.4423831991805519 1.3545186536611833
0.4508693433694885 1.306460584670023
0.436968937092472 1.29839115717807
0.4405945017793803 1.2609866332647195
0.4266424552401389 1.2524783862258857
0.4131499887697342 1.2440462450515777
0.4040838100682598 1.229935940854052
0.39152618806766315 1.2217180916314516
0.35298328457400974 1.2500650718218498
0.33991116071227867 1.2411072429619852
0.32631307076973404 1.2315726327310899
0.22023455159070737 1.3511553079136895
0.2058779646483374 1.3406276063203635
0.060281540227503205 1.5026768889065296
0.04451470056935092 1.4905870396590943
0.02824821545071088 1.4778341434022817
-0.13264818453747984 1.6449127077899781
-0.15055775588405007 1.6302400890732132
-0.2662529037031085 1.7316071790051584
-0.28393411782702915 1.7164791096744862
-0.30224935018842425 1.7004728430229215
-0.3206011029994129 1.6840823274284928
-0.3407058114613766 1.6657090389768379
-0.3740350557411074 1.670161262662408
-0.3916182034447111 1.6534135884476784
-0.4092084654819408 1.6362986019126387
-0.41480865035432735 1.6067597899937736
-0.4315243059210421 1.5897837712056508
-0.4105084834272914 1.5352157583899164
-0.42636416736745586 1.518408573178893
-0.3688434826385061 1.4333021757405808
-0.3841034112716719 1.4164185053851321
-0.39919573096378125 1.3993562856067845
-0.3575830998006517 1.3049746691853419
-0.37118561154812824 1.2885650057580074
-0.34199378874752595 1.237248623140899
-0.35513199510068927 1.2206938509774468
-0.3683103761418298 1.2037157322581906
-0.3519255894937372 1.1657649697406915
-0.3643924378190637 1.1489809835217146
-0.38638520764919204 1.1391185069832857
-0.3983123340676791 1.1223220049375882
-0.41049910872289286 1.104763151450467
-0.47093073441401745 1.120774054299363
-0.48288499640938753 1.1027429840448657
-0.6369872101227707 1.1756866035833524
-0.6493535635681227 1.1561368417786388
-0.6618376399311039 1.1359232379592281
-0.8127306238145966 1.199401699164589
-0.8254846002856824 1.1777355959660676
-0.9398145733760548 1.2135870762196883
-0.9525408491294196 1.1908685455704993
-0.9653201397092532 1.1674710671230781
-1.0095184730012847 1.1610530209538539
-1.0216824373805742 1.1376041259747223
-1.0100374544079602 1.100770389370091
-1.0211298731119909 1.0782129134681653
-1.032730715507201 1.0539803375920729
-0.9891850444139667 1.0053605528934468
-0.999763835742447 0.981997997431601
-0.9633428353450078 0.9101410751973681
-0.8098907583089323 0.8207192818889679
-0.81844869219531 0.799440977793258
-0.8269720841911234 0.7775764720655405
-0.6964830730550224 0.7041881521410157
-0.7037559915614671 0.684282196607376
-0.6600474339136138 0.6458982455397911
-0.6668007349533775 0.6261118238601867
-0.6733862616517903 0.6061228544233672
-0.643609665767231 0.5743382281283718
-0.6498397595099377 0.5539439178619214
-0.6419170755071713 0.5312536935919683
-0.6474280945310626 0.5117601347675751
-0.6527628410987856 0.49209638755385693
-0.6222151145002042 0.46252791968378143
-0.6269093239058163 0.44362407759948286
-0.6316116321920613 0.4237910202195568
-0.6086197542907721 0.3984954007127143
-0.6127747721264327 0.37914591589777064
-0.6070228843594758 0.3572566240129916
-0.6106393634214478 0.33845102397359433
-0.6142833966099472 0.3183390594719283
-0.5671252766944048 0.29146055731045717
-0.5701482031252119 0.2725001632523963
-0.5647097258748617 0.2328080398153598
-0.5671123688824267 0.21380803479462165
-0.5812025394208888 0.1964217746599818
-0.5831696864779587 0.1776791187115061
-0.5850566568273694 0.15759673827936588
-0.5696273880063447 0.13799966528162683
-0.5709992862322948 0.1191072128995606
-0.5651850040117192 0.09972914123838558
-0.5661384544261276 0.08111078718203298
-0.5669283539364878 0.061548290433556384
-0.5674800750128444 0.0428740531392707
-0.5678349369989921 0.024158549744740413
-0.5679918499877386 0.005368275042613064
-0.5679475975064563 -0.013612217716047805
-0.5676983451373616 -0.03265823936823364
-0.5572656397466811 -0.05080818207422176
-0.5566076505410178 -0.06995399960520496
-0.5647638773799841 -0.08886763806225197
-0.5637194791224658 -0.10762248354306388
-0.5624496102999046 -0.12672951966181284
-0.5699859769631637 -0.14603301460202028
-0.5682681008378581 -0.16554130469243547
-0.6052216556196994 -0.18814827685012236
-0.6031443523113413 -0.20711215494922589
-0.6007905096205561 -0.22666834904886113
-0.6399173984656612 -0.2513025404235956
-0.6370816125128815 -0.27125661091864794
-0.6751046667543887 -0.3003056588143356
-0.6723226030975007 -0.31718932820982154
-0.6687687986716415 -0.3374969290398793
-0.7407472284987047 -0.37158605339086104
-0.7365751415157291 -0.3927502021174947
-0.8334775778542718 -0.4374573583378439
-0.8292402785535935 -0.4567098552645138
-0.824220112005742 -0.4784693701288102
-0.9714898323374914 -0.5374019985587075
-0.9655570900445278 -0.5608310706067166
-1.0637149910096748 -0.6120616304573161
-1.0570521190428894 -0.6361923702183182
-1.0939655744294514 -0.6742424959408568
-1.087040311008579 -0.6973719350689285
-1.0793431944328953 -0.7221326761699989
-1.1095316997962112 -0.7588308952832797
-1.101359792079573 -0.7832650301139864
-1.0926464586112226 -0.8084140126305449
-1.0943351216148467 -0.8362956114464464
-1.0853590883332371 -0.8605218401485665
-1.104966385108531 -0.8987802643136484
-1.0954299213274288 -0.9228637365693563
-1.0857538544135767 -0.9465755738626885
-1.0952743643557716 -0.9781311733766633
-1.0846760307867411 -1.0026367409727923
-1.095427660639492 -1.037483905788957
-1.0845148108096287 -1.0612978277521568
-1.072896710077217 -1.085956511707611
-1.0925957859186117 -1.125575658224813
-1.0805673057225578 -1.149751609726793
-1.0933554345452823 -1.1927891057691706
-1.0828602115099963 -1.2127548205241374
-1.069379912821793 -1.2377963529114755
-1.0797998310790882 -1.2747771296237476
-1.0662267017127078 -1.29875345483442
-1.0890940923296912 -1.346990807860732
-1.0756750825801071 -1.369539673950347
-1.0603140248411775 -1.3947460374943805
-1.0856058033136966 -1.4429882576995385
-1.0698629601592025 -1.4676277259909276
-1.0780390446485155 -1.5099096367189921
-1.0630520410349966 -1.532280803106054
-1.0463404566947516 -1.5566770868155078
-1.0646212566545161 -1.6055113091811337
-1.0474132500743658 -1.6295120997986403
-1.0760627022925449 -1.6901963126313928
-1.0592502150150214 -1.7126042934532713
-1.0406935227574254 -1.736812464566315
-1.0369349590145656 -1.772410220332331
-1.0177475463712962 -1.7963607156036603
-1.0113119433967208 -1.8341833302565531
-0.993615191655941 -1.855311669487439
-0.9735309765175271 -1.8788007063333687
-0.9390250907025712 -1.8894146345746496
-0.9189834382380586 -1.9118643227156096
-0.8690033641041368 -1.9102568097839001
-0.8496275871438059 -1.9310315258998385
-0.7385381374380537 -1.8793801876411815
-0.7048225253514768 -1.9135441324708513
-0.6167695806719486 -1.865519844639845
-0.5973875975890452 -1.8842011102939835
-0.577202709181206 -1.903251567838309
-0.44406879552212364 -1.7988904345708308
-0.4249548195662791 -1.816174780787444
-0.3591458166614028 -1.782270552522048
-0.34068629464755373 -1.798251857078199
-0.3214145134176345 -1.8145858696579178
-0.23784658193181762 -1.752679721691042
-0.219122671500394 -1.7678743855923655
-0.15332093429644167 -1.7256220469138097
-0.13603155832835534 -1.7390424592719715
-0.1169975092893849 -1.7535012291200587
-0.027188702586590896 -1.6707294479489607
-0.009598428520023461 -1.6835084323287155
0.05019678822925466 -1.6388888230144465
0.06719758969155976 -1.6506855240170328
0.08483186611459814 -1.6626497024829223
0.1535325254287745 -1.596617306891204
0.17047152538702792 -1.607592025347565
0.24334189903328207 -1.5306306797705163
0.25926700516283097 -1.540469549333803
0.27589952977973253 -1.5505042150664023
0.38265640472053397 -1.4056405825301272
0.3974643925965142 -1.4141473045088044
0.4386907862519005 -1.3764945626707903
0.4530439218093839 -1.3843358036452333
0.46799613552217767 -1.3923000188140249
0.5026492983865913 -1.3618377285709506
0.5170080622286279 -1.3690953264617136
0.5363503804782473 -1.3685796222758224
0.5502433326695993 -1.3752298983296176
0.5658059878383683 -1.3824756616079474
0.5903846951720322 -1.3672520543482478
0.6050817898051162 -1.373710785856512
0.6218151518790456 -1.3754149488075766
0.6364895783810167 -1.3814919488461723
0.6511181224907453 -1.387368979234405
0.6883488166655674 -1.3353325677869443
0.7026277937737032 -1.340716557842703
0.7281876213060133 -1.3149152365499162
0.7420321034188799 -1.3198008962343768
0.7561714684194318 -1.3246226762950408
0.78838283034059 -1.274163374784245
0.8018297609372846 -1.2784292943783555
0.8293406606885292 -1.237689643723815
0.8426923471782441 -1.2416099392462223
0.8555187296389716 -1.245229558904884
0.8708426020565285 -1.2421273716407197
0.8839621916311862 -1.2455300492888304
0.9092025530370231 -1.201304642811229
0.921789571822462 -1.2042819261507127
0.9345525138628419 -1.20715932341322
0.9570360642936064 -1.1649328418179563
0.9692968018274966 -1.1674228173001324
0.9884037694772865 -1.1354523482861703
1.0009452274395505 -1.13771797802483
1.012508763882614 -1.1396806729865936
1.0250233814523142 -1.1406573468669796
1.0370503200832912 -1.142437482672484
1.047419889199086 -1.1600083231546146
1.0597025692562985 -1.1615578465693028
1.083730434351717 -1.173252908841039
1.0960891435189772 -1.1744119949597673
1.1089813089714284 -1.175481432385661
1.1190664243607722 -1.2082924961838708
1.132096243516375 -1.209094735682615
1.142499374444548 -1.2666955743432327
1.1558515244756196 -1.2672311991538376
1.1717468448419681 -1.2676851972093135
1.1823788464629679 -1.3158820216676055
1.196693513127783 -1.31599584617299
1.2109831602689052 -1.3659558448904956
1.2253885124819186 -1.3657640438355212
1.240546021646285 -1.365398117813504
1.2563308062781435 -1.4058719146010616
1.2713031674393345 -1.4051921072626044
1.290119733966566 -1.4622255070780963
1.3053984440658488 -1.4612036709468323
1.3219895093739338 -1.4599121753046336
1.3391434585833162 -1.484493212491547
1.3548756963507556 -1.482934428314303
1.3710495348251681 -1.4731025275370666
1.3854929892367587 -1.4713535778133044
1.4020126599467033 -1.4691766011005136
1.4163118423617305 -1.4620852187386595
1.431803080271172 -1.4597093313316856
1.4424644767324768 -1.4265412638696597
1.457626862891137 -1.423881104417385
1.4688410045405558 -1.4004286894653455
1.483726238290663 -1.3974889701551958
1.4984726064579363 -1.394413892355568
1.5079339805443004 -1.3657147079921717
1.5224511179751883 -1.3623601860435262
1.5331421687228304 -1.3433064785888025
1.5474231537813372 -1.3396839747554754
1.5617911952298413 -1.3358754174900302
1.5836572449642596 -1.3578395039129014
1.5978071184847367 -1.3537616099161887
1.6305078803935829 -1.408684480257742
1.645525991214895 -1.4040069768886427
1.6602334459396502 -1.399254864289746
1.66889251728299 -1.375263177444965
1.698272271798312 -1.3648933083420658
1.714745944276744 -1.3651804323424224
1.7292392756444348 -1.359627444969891
1.7441405543715258 -1.3537326387024318
1.7389563118231703 -1.3007651955468233
1.7527125661163478 -1.2949798528382912
1.7662397277373993 -1.2880301125097489
1.7796568244609534 -1.28204795770511
1.7934725770228357 -1.2757112919159548
1.829368329735514 -1.316273719834112
1.843238340122569 -1.3095516170798167
1.883656426229709 -1.3530964085662271
1.897427064980699 -1.3460503293088293
1.9119997981014238 -1.3383991510396036
1.9480460731400535 -1.3712297664723248
1.9633950541581298 -1.3627442868296702
1.9976375172824703 -1.3881553915262717
2.0115018998697534 -1.3800962526243525
2.02634881309206 -1.3712580497854312
2.0503830944637387 -1.3776826893919647
2.0648244717815865 -1.3686634476772221
2.0654113356448858 -1.337427463504969
2.080239619647284 -1.3277150341858772
2.093624141015521 -1.3187436803997477
2.09571328827347 -1.2918520446283035
2.109492718133433 -1.282188362005466
2.1281630456849774 -1.2786373061289846
2.1414311543426043 -1.268900067630683
2.172841193736364 -1.281585350949989
2.1863208940058283 -1.2712403761867952
2.1996419374484266 -1.2607922100387345
2.228955370987158 -1.2693332283197662
2.2422850844518134 -1.2584108243055114
2.26726961355726 -1.2570348332394523
2.2787512252543936 -1.247195571677572
2.2920156254649653 -1.2355981845812014
2.3126750286121913 -1.2318905311361315
2.32611157775498 -1.219619905727268
2.32773286515871 -1.1962251396960883
2.3405806213814158 -1.183981353792864
2.3529627699975606 -1.171926981940237
2.3123835837563003 -1.1065097209647508
2.3371130166357674 -1.0810804722117153
2.314513323489334 -1.0394402588724188
2.3252692096311476 -1.0277865565651716
2.3363070630898592 -1.0155699180125903
2.2861130500805107 -0.950056546972237
2.2975281966333014 -0.9368462294287438
2.3253063565301897 -0.942713956591685
2.335372988437542 -0.930565514687926
2.3452436721701124 -0.9183904024728895
2.4225003260600055 -0.9593794623521918
2.4337623469429355 -0.9448526188066901
2.6516858163189303 -1.0877519435507539
2.6623312360257776 -1.0733980418015125
2.673726860424843 -1.057698038601914
2.916504776411947 -1.2045830617084787
2.9301459136066925 -1.1849067970224765
3.105572169628875 -1.2771964243357021
3.1193650514177196 -1.256373272318484
3.346666170831402 -1.3726355492293096
3.360794474964292 -1.3502856131070158
3.3762685363523097 -1.3252015913373243
3.4803501630681577 -1.3578361954945182
3.494610600952218 -1.3335959620506135
3.5855745997397404 -1.3518867663663914
3.5995908465370423 -1.3268488117399218
3.6138150274624086 -1.3007924558501458
3.7479122944481453 -1.3382925464187523
3.7638359068442027 -1.3075279892898535
3.891435826190038 -1.3409780734600951
3.9059298586764553 -1.311484883604543
3.9193764873209394 -1.2833707649023451
3.981159765359516 -1.2762250426728832
3.9945379220402253 -1.2466586550772831
4.078824725875293 -1.2462492518308876
4.0916250221660775 -1.216253974786117
4.104473601309823 -1.1852434767989015
4.089994383819264 -1.1435018414909148
4.101945688413533 -1.1128230863430666
4.171986174172912 -1.0999359892853116
4.19440631780102 -1.0373484486484472
4.16244334175188 -0.9916175910652024
4.1726617451882255 -0.960550961008575
4.182663493413241 -0.9290287859156581
4.204758507161168 -0.9012187934361946
4.214889522024865 -0.866723814132667
4.223443856115367 -0.8363947924982796
4.21759962456432 -0.800610083517112
4.226090780479467 -0.7678923025380416
4.219900615268887 -0.7305130210328882
4.227286779356826 -0.6992737343354021
4.197459956888131 -0.6587828222200436
4.204172666117961 -0.6274612276066999
4.210795118805692 -0.5948728877464721
4.195294934496751 -0.5589429804354878
4.201093302204258 -0.5269231362017999
4.138568210429565 -0.4830122903744628
4.143440089706177 -0.45237643430057106
4.148163793442877 -0.4204928620470347
4.0721268582804715 -0.37880906792730157
4.0760635622912655 -0.3476598706501404
3.975247457732501 -0.305394086958617
3.978348128698124 -0.2757638042956909
3.9811432380495826 -0.2459802623201331
3.802121815562019 -0.202637748152272
3.80414633647862 -0.17470506061640964
3.700054959617977 -0.1405033767905814
3.701401738892283 -0.11404096047764187
3.6185338944762218 -0.08422470700263612
3.619291227854422 -0.058565816195490915
3.6197809119215187 -0.03256283618272519
-0.49494594458821783 -0.013536798881337188
-0.49470798592381393 -0.03146176164885151
-0.49427775914668337 -0.049476002879099534
-0.4936374552658702 -0.06794976174017728
-0.4978284492240883 -0.08589852737577207
-0.4968108368407378 -0.1040816217198539
-0.496579344319414 -0.12255418568415927
-0.4951978980978491 -0.1403748064455798
-0.49356540590312536 -0.15886225457351927
-0.5216469884389137 -0.17970155035285262
-0.5196157467254638 -0.1981985963972113
-0.5410961077576459 -0.22047526743645077
-0.5387482205075509 -0.23828475755243925
-0.5360947068243684 -0.2569049803651329
-0.5718241620427271 -0.28120302061248886
-0.5686890672936633 -0.30029149710884445
-0.6253839944896864 -0.3301488643943463
-0.621764570120404 -0.34956952249018935
-0.6178992801068148 -0.3691438843962118
-0.7068264234996615 -0.40806003313665623
-0.7023565711746083 -0.4284150745582925
-0.8211165041235411 -0.47855728681050774
-0.8160336588795554 -0.49953707196234387
-0.810326714360968 -0.522030173004045
-0.9062605103404469 -0.5699040819123854
-0.9000389187673314 -0.5924192262769131
-0.9894497063974379 -0.6432992951621914
-0.9825463120433393 -0.6663449525478654
-0.9751413593488976 -0.6901333688859206
-1.0125118447640395 -0.727346091471472
-1.0045558690492147 -0.7511154506736378
-1.0227066035722556 -0.8108830707545251
-1.013676997172463 -0.8352186253847
-1.0261403232172666 -0.869712171552246
-1.0179067259344858 -0.8904997220968515
-1.0201343295145402 -0.9194631906232152
-1.01033949749992 -0.9427663049726588
-1.000024995241783 -0.9665914443607451
-1.0132570089195116 -1.0007669121571992
-1.0025706566704127 -1.0240720201111182
-1.0193262269507688 -1.061221512394309
-1.0079268345667836 -1.0847391821078014
-0.996166580251165 -1.1083556973227966
-1.0020010334131788 -1.1408731081269692
-0.989803574839931 -1.1641135269458296
-1.0139554007621436 -1.2078433190758366
-1.0009492335282175 -1.2313839658821084
-0.9876174886452089 -1.2549158232222697
-1.0018688149362758 -1.2940980340805404
-0.9876429092369796 -1.318003983933722
-1.0040298105374048 -1.360276660926905
-0.9896401063406399 -1.3833207165023411
-0.9745958032430013 -1.4068521928468263
-1.0004861341696256 -1.4567710092280166
-0.9682943165405957 -1.5042675150576605
-0.990958317322848 -1.5538010335154995
-0.974068738016939 -1.577346227807146
-0.9876637801121895 -1.6230536605994415
-0.9703156549244771 -1.646179199841177
-0.9515902607384241 -1.6705793455851063
-0.9644179281071263 -1.7157910806646752
-0.9457544671926987 -1.7390749743822362
-0.9657330734719762 -1.793584192188821
-0.9425021084987453 -1.8212711810925986
-0.9264166581757434 -1.8400261399862512
-0.9030289965376364 -1.8621895821107748
-0.8847196891284996 -1.8826642870570347
-0.8623905343784624 -1.9026773987479115
-0.8421282394605147 -1.9244085464365142
-0.821173171776139 -1.9464056642160652
-0.7568007800866323 -1.925085896019278
-0.7359360893078559 -1.9460669202561882
-0.6664101019832429 -1.9176781093851232
-0.6467482650299821 -1.9366199538393563
-0.625655740358319 -1.9565165774142366
-0.5365756829102104 -1.9012968988364065
-0.5161308505447466 -1.9197707946024611
-0.4034329000505721 -1.8325468438856922
-0.38106282103501665 -1.8518815717914563
-0.36324217630069766 -1.866949088281375
-0.26711281898956885 -1.7894624825227492
-0.24750878309880942 -1.8053571178168055
-0.18662082707844574 -1.7668612514604214
-0.16780343112428397 -1.781468431885515
-0.14845172908882098 -1.7961608876482553
-0.07316780353699714 -1.733737218853185
-0.054167266784517665 -1.747531249198781
0.017785546458706447 -1.6845572076477722
0.03599824580273259 -1.6971929519726632
0.054887404998920974 -1.709994486765935
0.1441490643146155 -1.6119887721731494
0.1616724713920501 -1.6233314336064915
0.21933379416348897 -1.5698709477948247
0.23577682081541862 -1.580023626634481
0.2529901256411393 -1.5904003577297179
0.3370970891883184 -1.4844148902893448
0.3531273814115339 -1.4936183474653473
0.42774185337818527 -1.3978649273002879
0.44218473477952225 -1.405747140775615
0.45749045322843285 -1.4138912875299436
0.5087227598595546 -1.350342466659406
0.5232055169517946 -1.357659098491043
0.5532050027049696 -1.333409251308135
0.5675377290932273 -1.340266942022912
0.5955557563102943 -1.3169085603299797
0.6095340186715443 -1.3232350225465708
0.6237102309412973 -1.32947023361874
0.6419836986952796 -1.3264006964255557
0.6560186326174399 -1.3322181773045285
0.6737973194784506 -1.3296656493314158
0.6878469241552894 -1.3351401525318611
0.702138902502238 -1.3405350900287256
0.7163086114942725 -1.3489001596431818
0.7299901210092492 -1.3537280796567308
0.7700594416482652 -1.2839264450443408
0.7832600586390758 -1.2882716411046597
0.7970574411653437 -1.2926535863408184
0.8123138975361408 -1.293135524976552
0.8259033724980527 -1.2971321109631313
0.8672681470784858 -1.2535942382012673
0.8806707600177055 -1.2570751117146222
0.8943058005289095 -1.2604602557834692
0.9217274029220381 -1.2093987604241567
0.9333663070333191 -1.2120179345929456
0.9547425289780364 -1.174669644158693
0.9671074087476601 -1.1771835205012726
0.9798153674941815 -1.1796265203903638
0.9983206752193761 -1.1555321068477638
1.0094606245527729 -1.1574211620685795
1.0253869652308252 -1.1376780247893947
1.0372009302348955 -1.1394285685744485
1.0495414248524226 -1.1411236642733165
1.06091622704369 -1.153646264719059
1.0727315454614987 -1.1550094114245915
1.0850640669090836 -1.1552968152317051
1.0975127960158761 -1.1564676273115113
1.1099111941228959 -1.1574994630908635
1.1229027187730094 -1.1564328814191538
1.1345975409812075 -1.157153195715371
1.1458973313429104 -1.185766377177301
1.1585624879767724 -1.1862764992181734
1.17339173684051 -1.1867017318313964
1.19648165226178 -1.2319949761379683
1.2094856721610725 -1.231963482422938
1.2225298998004022 -1.23179397774749
1.2361118246831035 -1.2314706395680155
1.2522116614260483 -1.2999519000375097
1.2661039757021995 -1.299319538988144
1.2843256987010372 -1.3724118101133427
1.2992866239504233 -1.3714106483123598
1.3134237862418285 -1.3703138489829867
1.3354385092814602 -1.4316076313723727
1.349214448023607 -1.4302374098383144
1.368292014494152 -1.4613414378089402
1.3837998156128615 -1.4594720373411334
1.399606189569318 -1.457394376648139
1.417486843042014 -1.4669657368540066
1.4323514447628023 -1.4646848828729813
1.448212973260051 -1.4630947747515897
1.4637825061642737 -1.4603680321897268
1.4795558372087192 -1.457430799003003
1.4933102580286548 -1.443502023737814
1.5083828986887293 -1.4403572431158658
1.5175724047093333 -1.4096711558966977
1.5323699806634745 -1.4062557363274157
1.548090381883032 -1.4024471776293486
1.5531020847660781 -1.3619720693662736
1.5675123067213732 -1.3581545215505988
1.5686704927602386 -1.3069988782580968
1.5825845364043103 -1.3029938881300631
1.596430934430925 -1.2988481490252137
1.6101941686104624 -1.294567396483463
1.6241276114388585 -1.2900696761086856
1.6500636991764321 -1.3204043572647077
1.663772853697101 -1.3156518309087886
1.6783626693878093 -1.3104175504533544
1.6973750298891137 -1.3193627551370408
1.7114786853631516 -1.3139594949689972
1.7220943997009006 -1.3000840118242192
1.7357973891684186 -1.2944968743725518
1.749649071315476 -1.2886764133800366
1.760096238692893 -1.2754376517110018
1.7736472176607236 -1.2694005946391038
1.7846688798532897 -1.2566456544830367
1.7975481545422394 -1.2505727499842478
1.8110529531861177 -1.2440298583243588
1.8437478980923974 -1.2757858925782262
1.8571819573690256 -1.2689179937681616
1.870806989657634 -1.2617681968675796
1.9061791551093583 -1.2949656369529785
1.9200288538715762 -1.2873163750968077
1.9680330237964876 -1.3394257255846718
1.9822841707365368 -1.3311526870404646
1.9965503323727165 -1.322665327283102
2.030623830343302 -1.3452230493363626
2.0451153992901157 -1.3361665172734678
2.0627405526359066 -1.3332001870827543
2.0763525005792163 -1.3242923750926587
2.090769896752632 -1.3146379695715875
2.096542935787333 -1.2937104638557386
2.1107173686148597 -1.2837717376945272
2.1151913325764466 -1.2621037298007434
2.1286017094746814 -1.2522698851129095
2.1390893353586744 -1.2381547642421777
2.1520806762010767 -1.2281931387222864
2.165483707947824 -1.2176851849666734
2.190201036503286 -1.222223755008803
2.2035084317456834 -1.2113215210732942
2.2294142245919133 -1.215711871377355
2.2418276992941633 -1.205090886607077
2.2546863000661777 -1.1938533446167987
2.297057737157356 -1.2150034244162369
2.311562544452303 -1.2017477729418604
2.341261147169151 -1.2109578828192802
2.354009886942049 -1.1988149068309084
2.366763784994313 -1.1864056094041973
2.380270589481982 -1.174387642818101
2.392488134046766 -1.1619797976547024
2.3754902368925483 -1.1205350074720117
2.3870631046313484 -1.10826765071574
2.3989655603787927 -1.095380109836566
2.3569545855499463 -1.0344854213448114
2.367977305626254 -1.0220239789466963
2.346724565601268 -0.9607490674710979
2.3567390132263775 -0.9486679373100297
2.366829897807942 -0.936228598997867
2.409809311312524 -0.9496343666177615
2.4200613851826684 -0.9364263005630228
2.5080629904233662 -0.9825819116413043
2.5185708543389955 -0.9684352854412791
2.6694167130759796 -1.0551282023209243
2.6804644200350394 -1.0395701520389642
2.6917526306603756 -1.0233059605601096
2.9539789816512956 -1.1764785301591718
2.966527391857171 -1.1575512834506738
3.2180748993370747 -1.291584182570248
3.2316603110083544 -1.2701072319585607
3.2453750505616346 -1.2479009986934027
3.358767416835716 -1.2864261502350032
3.3724467778565606 -1.2631880293054745
3.505954647975579 -1.3078127394546297
3.519669020748819 -1.2833302903688573
3.5334405245403375 -1.2581161784322281
3.7087240995535433 -1.3182789508746864
3.722535267442527 -1.2916546847004664
3.88086762898009 -1.3352804034683774
3.894323195613777 -1.307917244162476
3.9083955013949248 -1.278522118707274
3.9362541173642396 -1.2565963573109902
3.9494765086843127 -1.227395587491304
3.975383586375723 -1.167633053864197
4.045879406283584 -1.1620870900629596
4.063575298001638 -1.1341677621387543
4.075667443255948 -1.103148564699154
4.130502267113199 -1.0881325573864622
4.141740597934328 -1.0573732805707652
4.153026042871487 -1.0254331719438203
4.1447857200432665 -0.987660398633691
4.155174062311051 -0.9561287891513366
4.1778449236292055 -0.9276856206796424
4.187907928488606 -0.8947442153347134
4.196838476007756 -0.8643611217075364
4.199059066343593 -0.8307759725595694
4.207719333072207 -0.7988544382199313
4.172730721368153 -0.7545601753564661
4.180388774691032 -0.7237207691476688
4.188060040389922 -0.6913654569220101
4.179535027182045 -0.6564845937227265
4.18638003766617 -0.6246080936307217
4.1528441269934975 -0.5837906831048346
4.158753791475872 -0.5530605766343741
4.164708481973909 -0.5201957486484853
4.1392887768133075 -0.4847911782400058
4.144316860474599 -0.45325404038464084
4.110779637735165 -0.38400247466173865
4.114742648898205 -0.35266314053764597
4.118309517711904 -0.3218160325902371
4.065808424696719 -0.2855557265006364
4.068841055615415 -0.2532804722346955
3.9366913690576997 -0.21341356687215124
3.9388129806803667 -0.18419678839960374
3.9406294321335804 -0.15483964519195081
3.7712898086498035 -0.11808776369148948
3.7724398094075338 -0.08960706989591212
3.6772712816073696 -0.06009157447913541
3.677768650386597 -0.03386022978929035
3.6779885770755754 -0.0075240868527136065
3.65292729450415 0.01888618215919842
3.652581470940016 0.04531145993794032
3.6189891059084007 0.06994072845256782
3.618083341472846 0.09629617693094061
3.6169375117484788 0.1217089327168371
3.5675962673902037 0.1444711550447907
3.565891610430885 0.17012021541472627
3.5460287104568065 0.1935595249848847
3.5437517507727017 0.21941679687274565
3.541317783652217 0.24402261361167146
3.5247150327319776 0.2670206295213178
3.521680326452949 0.29223357398034955
3.5204558681780176 0.31693621414758444
3.5168794488450024 0.3421017677821599
3.5125303473084672 0.3703611653202598
3.4913521482878314 0.388176934575896
3.487002995320113 0.41302941710831104
3.4864673825632515 0.43777952039166285
3.4815520898019323 0.46271380087526665
3.475930673675358 0.4896157356781249
3.4711881579195993 0.5111637226229756
3.465569433052581 0.5355176411826285
3.4772977857236276 0.5635874334460123
3.471075964794128 0.5881581098092779
3.480125718023391 0.6164987510192675
3.473414543786485 0.6408044257806662
3.4661424871611737 0.6660647325020078
3.5090402805414933 0.7040802389194458
3.501269122275622 0.7290791636446556
3.551333178525555 0.7725653911255097
3.5430133629769407 0.7974417727404857
3.5341423221154984 0.8230459404609628
3.545069804893799 0.8547886347953858
3.5358952843897455 0.8795505786285119
3.562730296133886 0.9213042644702565
3.5529548425571384 0.9459912837267125
3.543036287305105 0.9702973546143007
3.491594565775643 0.9765630272069199
3.4810132235229556 1.0010293073199288
3.365119540166508 0.9785874395214613
3.354826197095545 1.0010494794518165
3.3438676391994706 1.0243083254534688
3.2376634432401126 1.0004137604425725
3.2269725074354767 1.0219013915739308
3.1562277497765363 1.017446800085503
3.147275344827677 1.0344775161530833
3.1357766761207166 1.0558378948432523
3.111470761892498 1.0688215596768775
3.10009053474381 1.0889242213198236
3.0926395432063267 1.1137017372222013
3.081544608940481 1.1323453027089456
3.068843975358142 1.1531861063018303
3.067043142329502 1.1787340262673254
3.0541832837704486 1.198861272285596
3.0796114327414577 1.2458273804615172
3.0672456467376223 1.2642858437629516
3.053456908103426 1.2844152326267735
3.0665178080783626 1.3232744507948246
3.05233484011893 1.3430560822547868
3.073035020969492 1.3909093465146516
3.059199559657865 1.4093494944008753
3.0439287437718097 1.4292710687242356
3.0779594119827953 1.4879799887583285
3.0618511286284615 1.5080869917962045
3.0441710464248324 1.5296565469177514
3.0294124605665296 1.5472769787998262
3.0126627983766077 1.5668661651147764
3.0946935631731245 1.6735950231971684
3.0769411814526313 1.6934803811580466
3.1029540884338473 1.756947847066869
3.0851333276642245 1.7760552741763438
3.059560657764652 1.802812846663207
3.090712728867392 1.8993697314895854
3.0697935776500858 1.9199666603820216
3.0967823034465054 1.9883965633977974
3.0754812000115024 2.008500502465313
3.0653468279108225 2.041006176277533
3.0436602692247714 2.0606168522270325
3.020539773255396 2.0810718233629495
2.9833704111608728 2.081506900443979
2.961062998850394 2.10041379591738
2.9042319213280967 2.0773932122557692
2.882039090569722 2.095402944017065
2.858172982423411 2.114339461950481
2.7882509222809064 2.067343224497048
2.7656235780745226 2.0845315569156373
2.672863237836681 2.005197716592867
2.6517515147891073 2.020534963643919
2.6289262691736326 2.0367409548750977
2.558570722852431 1.9796683032791689
2.537421922806619 1.994016950879868
2.471219525160122 1.9395262098903625
2.45064250006678 1.9528579920277647
2.429080407834803 1.966500025699627
2.3778706749761773 1.9287873581686406
2.3570454640985057 1.9413515379778783
2.2918021457238615 1.8776453537856326
2.2720217338747677 1.8890085765025362
2.2512165367201975 1.900665092257443
2.1943585681698354 1.8428475351768074
2.1744539683512785 1.853449611822357
2.126610442078471 1.8095530079638842
2.107531117313201 1.8191966004553364
2.0870477820432094 1.829271776519887
2.0603615568727323 1.82098160107551
2.039754595985225 1.8305759253638432
2.0034542394292463 1.8019961945418121
1.984083920316972 1.8105086042050087
1.964583582669331 1.8188295536175265
1.9364915027862053 1.8055692360925173
1.9173724270395762 1.8132503414926875
1.8866144201529895 1.7919602780301729
1.867452631991792 1.7991853667833202
1.8224410980193402 1.7347092204448784
1.8041766881882642 1.7411546540872986
1.7855232524717168 1.7475158141816463
1.7477982048790663 1.6957125719682782
1.7299024391409707 1.7013898450950182
1.7112344757376485 1.7070920627831565
1.6590794920155691 1.5952573522822977
1.6425997746124674 1.5999079471997733
1.586791961785714 1.4596204911887058
1.5713751678108245 1.4636189684250072
1.5552622531667442 1.4676132772208381
1.5079222214780523 1.332894559040595
1.4937962467925834 1.3360792511563795
1.4664436437788606 1.2775103853549854
1.4529980450547206 1.2802409887198931
1.4390762604607288 1.282913692219439
1.420942180452377 1.262817703747041
1.408107155586571 1.2649962101894483
1.3942331441590867 1.2661889612968813
1.3808826169612691 1.2681650045957122
1.3705767392543557 1.2968298176805435
1.3568453328314207 1.2985621053954257
1.3289911720678147 1.3016240922511273
1.320480187285461 1.3616804046734536
1.305532273652297 1.3629203715616613
1.2966391002265267 1.4427670928834657
1.2810807860242133 1.4437250105673503
1.2655724799315333 1.444512460962393
1.254210706933329 1.5560559756171333
1.2346925572405807 1.5566134479928242
1.222441529884549 1.6758497479596555
1.2042109969588424 1.6759947098677288
1.1865243216612855 1.6759458243312375
1.1670655606749936 1.7716939133796072
1.1474029645994024 1.771219227500387
1.124932294405458 1.8734966879012012
1.10497978752754 1.8725907612774577
1.08465904355815 1.8714490278303277
1.0596366113498497 1.9459442744145186
1.0375416158439972 1.9442243372145667
1.0124222992941219 2.0012282743849825
0.9912138499899279 1.999126895313044
0.968166173298323 1.9965853542478107
0.9445875360610501 2.0259635912978875
0.9218409631752076 2.0229660279482458
0.8979244637113594 2.0417752986986426
0.8762912329636683 2.0384574153373474
0.8504624060373542 2.056506618128618
0.8286042598542408 2.052671723437916
0.8067304800339403 2.0485934405502872
0.7849558674093096 2.0442931218399285
0.7633843919556405 2.0397947962508516
0.7413983218322409 2.0339394044026275
0.7197781564440953 2.0289435627862513
0.698120359980417 2.0236950923826975
0.6813755522310376 1.999846164627754
0.6599273053866663 1.9941608472069379
0.6466743490416249 1.958329830235829
0.6262668418735361 1.9524485302476566
0.6052386038011269 1.946145904497288
0.5987062657602104 1.8948851799420376
0.5788566934636654 1.8884716023136565
0.5768537846707138 1.8276897423580367
0.5378088390622577 1.8139084503843972
0.5187289798503156 1.806828934100904
0.5292916924835114 1.7230645275869292
0.5104072069685072 1.7155940020293334
0.5220940140349207 1.6361187225237397
0.5047912254317821 1.628841846148163
0.5359662041459088 1.510483074371774
0.5202318689690318 1.503467754238402
0.5040300269455026 1.4960366962767062
0.5279260742097794 1.4055890716254595
0.5131149184983117 1.398410842639036
0.528068552056553 1.3298902696330335
0.5145340852102634 1.3229650334235858
0.5002112802301304 1.3154450758898475
0.5075066441994123 1.269397082150436
0.4932975362915142 1.2615417661688242
0.48855317009408683 1.238154840162096
0.4761869375302902 1.2309665513726276
0.4629443441002743 1.2230833823195475
0.44836429389894306 1.2177047118714641
0.43559986465753586 1.209732794086538
0.38239544246983426 1.2635457203860496
0.3683862978222454 1.2543698220023505
0.3557411599319783 1.2458940608924172
0.2176783021733696 1.4167639471623372
0.20256651013865135 1.4061658626573932
0.03274685330629623 1.6080078020748678
0.016060947038764706 1.595762300241879
-0.0013893424202326976 1.5826663097188496
-0.16638239449284797 1.7610906143693998
-0.18483646896988337 1.746616430190391
-0.2640888846665477 1.8061198016177842
-0.28305558222182814 1.7905784372768132
-0.3047919051065062 1.7723505077511987
-0.3262138317274099 1.7645283618700882
-0.3449802633170185 1.7481204151776493
-0.3436690306589625 1.7090625862689812
-0.36231021901790217 1.692038941499939
-0.3797863676767086 1.675733878783511
-0.3797457876432382 1.6398573860014307
-0.39689551537983103 1.623161641044965
-0.3441500608165844 1.5359962856986789
-0.3784781072228811 1.5006967931657849
-0.31527008285426383 1.4132022417215562
-0.32989357109956385 1.3973581005269278
-0.34490041648437497 1.3807486024423146
-0.30836490115131165 1.3194132502649778
-0.3242179529127751 1.3010671128033284
-0.3093516457819776 1.2644439921859865
-0.32285382440975496 1.2481495220848273
-0.3360931815415211 1.2318192796111156
-0.32773206770175545 1.198915647289549
-0.34180597024657544 1.1807617668742563
-0.35091902537270303 1.1621076442124385
-0.36229213639358027 1.1467725496203605
-0.37446673401507535 1.129999337822771
-0.4755771470268262 1.1758614817917294
-0.4888930305927033 1.156654369816409
-0.6225045074828914 1.2215209045303081
-0.6356961302573998 1.2016054749201197
-0.6484244814772739 1.1819318661731186
-0.7911873733187427 1.2442977313874701
-0.8054468302022064 1.2211826281240337
-0.896478672903656 1.2483497803340713
-0.9095892488030937 1.2260641097978513
-0.9228307889733642 1.2029918708730838
-0.9484301707689426 1.1879700338517518
-0.9611655333407043 1.1646409478891717
-0.963689245181123 1.1364791464376025
-0.977211590106752 1.1103538588687967
-0.9875188424371317 1.089907020796963
-0.9462064226615707 1.0402033413358285
-0.9568716070038019 1.0179046472537765
-0.8522414216280345 0.9417373027305134
-0.8621132771133433 0.919920014106046
-0.8721664746657338 0.8970452058126078
-0.751409044286129 0.8207872695639817
-0.7600798896948977 0.7998598789873368
-0.702486650352063 0.7527685867729771
-0.7103542080096803 0.7325727267239109
-0.7188020550198104 0.7101511625363657
-0.6094945088636641 0.6268609274729496
-0.6159663890700546 0.6078577742925284
-0.5794101995845011 0.5749776879276669
-0.5853971615501792 0.5561087803016266
-0.5796752650001431 0.5337789347161142
-0.5856757194524058 0.5133480544018191
-0.590742328550319 0.4953846109218376
-0.5736371912477658 0.4705699882299509
-0.5786279891671426 0.45133964611060445
-0.5427363383254304 0.42156737905116637
-0.5469987754704821 0.4035396864059773
-0.55120420420346 0.38488028681672654
-0.5482738291582527 0.3651501311520241
-0.552127755681644 0.3461853950847801
-0.5065415183086179 0.3184525809110625
-0.5098450845508999 0.3002095715281671
-0.5130135706197867 0.2815679436165424
-0.5217839611377295 0.2646204662698424
-0.5245471216176936 0.24596996832972812
-0.5091980337160964 0.22542866175584
-0.5115407598861381 0.20689182499166126
-0.5136556651614728 0.188574285786768
-0.513580042126851 0.1700806844545805
-0.515303959857228 0.1517113222475925
-0.48589578165339997 0.13128752188715886
-0.48720745401737386 0.11319013697407866
-0.4843421393272871 0.09466022230259889
-0.4852494942137704 0.07683190907579168
-0.48597796693445705 0.05871366971630068
-0.49050473814125106 0.040923469085360334
-0.4908469099418544 0.022753618175615206
