3.620900069410848 0.02537208838853456
3.620473064300681 0.05826012456031461
3.6196500112401595 0.09324593889945744
3.619476631943019 0.12749202474208352
3.617934459242935 0.16180796030133424
3.6169119167299733 0.1980068685694696
3.614744180603777 0.23054035064203313
3.6120692507140575 0.265217134848471
3.6190395151721093 0.30012264119941207
3.6156182967980772 0.33479541409259794
3.5918861121407293 0.3677391019773922
3.5879160872980482 0.4006994139580222
3.5763331920154595 0.43513613191836925
3.5715717773766573 0.4685813279974675
3.5664876353476687 0.5017888551874464
3.53327854069188 0.5312716691484336
3.527488689769855 0.5643567093263224
3.5275118202276268 0.6024075151726414
3.521505326807794 0.6327949863190818
3.5146104071725226 0.6659031547699817
3.558028901183383 0.7106493223035337
3.5502846912629007 0.7442280322553096
3.6040732435794935 0.7940501557067943
3.595651350879307 0.8272928403070222
3.5865887292349257 0.861541218232153
3.58260599870701 0.8984809719711121
3.5732406740310023 0.9310169840960304
3.573471753148505 0.968607780253986
3.562761393759148 1.003027599892791
3.5521397417013665 1.035924248575561
3.498047418231078 1.0557609551369829
3.486890277935663 1.087951015435109
3.3987421136221148 1.0938051636325243
3.3869476765003754 1.1256143113202715
3.3748302892797293 1.1572591542018078
3.2598891520072897 1.1832409045629824
3.24665870494855 1.2147259845498677
3.217396618695206 1.2370146696643571
3.2038197003730127 1.2674873126781938
3.1897859945259053 1.2980843981602683
3.1518575733928276 1.3152109700578596
3.137322896747335 1.3452001185484541
3.125901904113547 1.374870106282822
3.110914525413778 1.404190669353913
3.121475975491816 1.4486053689051652
3.1067901830880946 1.4758644601513782
3.1193764578994974 1.5213308911022558
3.102974588822314 1.5502852551001198
3.086509332409978 1.5786461309850586
3.1112809514317954 1.6347818210400726
3.0947186763750443 1.6619408097749833
3.1181414890928436 1.7225651933300345
3.101176683747767 1.749047890475677
3.0822297858108816 1.7779672033276965
3.100635058461248 1.8331029106435923
3.082429623532529 1.8596417167817925
3.081186272467619 1.9032036602348141
3.061216251384607 1.931028757778211
3.0407827251744464 1.9588799346616994
2.9963513241245114 1.9697819172986881
2.975215172120845 1.9973351790019134
2.849490939836618 1.9421303086194603
2.828755837367369 1.967999258753399
2.8077251867686472 1.993673851210343
2.6147746150638156 1.8752006304576927
2.5947666521100343 1.898579295890933
2.573512083885576 1.9228752484764535
2.381150371446418 1.7899562021786237
2.362509408816824 1.8103747734393116
2.201948835519044 1.6995615299751758
2.1843196338942636 1.7180606636843294
2.0457530028963014 1.61956106814711
2.028192648200163 1.6372140056653992
2.011084986252431 1.654051440273852
1.8862328700421713 1.5591112391379296
1.8695937944547114 1.5748047749801253
1.7719978868211093 1.535285901243938
1.7556662348641328 1.5497258014401474
1.7388684446776912 1.5642609398199332
1.6780021451641915 1.5266930002314563
1.6621306255470958 1.5398400189812242
1.6018795532578984 1.4998565062900497
1.5863450213803563 1.5121737632448335
1.5699075952471695 1.524926299393838
1.521434744510171 1.4939237309198243
1.5050038366823535 1.5061176982285545
1.4766354951998313 1.5007548135774258
1.4609214763042155 1.5119043028963453
1.4442776388738339 1.5234478044711905
1.4069486308858519 1.5040460281378056
1.3908535221406582 1.5146977578584622
1.3746649710187255 1.5239780819516622
1.3583523152555106 1.5342887081134378
1.3417120998293042 1.544557969464106
1.3050332784680942 1.5199591326299837
1.2884715248081293 1.5296991042702215
1.2696551927366355 1.5347298934164948
1.2527451875615574 1.544189640261391
1.2365661039305822 1.5530142155673934
1.2392725396746578 1.598013330403739
1.2220379301848738 1.6069469939414205
1.1985308914150188 1.6031311285905265
1.18146768354104 1.6115176882619069
1.1638182487272286 1.6199576176280877
1.2023305710968164 1.7487257231148217
1.183089318509228 1.757426277041729
1.1763621838875356 1.793147444977511
1.1574410302003009 1.8012215537709697
1.1376348523447788 1.8094227876884652
1.1143361211070961 1.805848251122355
1.095002509213678 1.8133768257553893
1.067219752335717 1.7992717421482127
1.0483113023156676 1.806170937450208
1.0286697601520252 1.8131010266034255
1.0006738908762738 1.7930621508524345
0.9814303909491067 1.7993942593219445
0.9508744611090162 1.770269281238832
0.9322186600455566 1.7759671443749496
0.9128175394880491 1.781666122255633
0.866750055187226 1.7622353378543745
0.8441539513325667 1.7525955801369775
0.8257146398282948 1.7571656283446546
0.8060697775495933 1.7618091087745074
0.7788222894366255 1.7238673594641767
0.7600861623654275 1.7278781657492344
0.7314219373319772 1.6806333625913534
0.7138267400779804 1.6840076535491244
0.6955290837272932 1.6873148967135052
0.668922809787751 1.637058802357405
0.6512977119566572 1.6398568413021146
0.6288656384254094 1.6088025110460669
0.6119264801959995 1.6111214004511685
0.5944654541590005 1.6133220965259025
0.5744886181993252 1.5884450642432963
0.5574999381650845 1.590219409225656
0.5422737552530772 1.6167520460992737
0.5254054768482532 1.6181478505922944
0.5077964429301048 1.619416230279176
0.49215043669069547 1.6454216167954383
0.47368100616958897 1.64635206117338
0.45708338846851815 1.688035096424524
0.4402779871248411 1.6885196723026863
0.4218921523419923 1.6888581153151485
0.40404052789633244 1.7249952678585294
0.3858132848688439 1.7249416619450606
0.3666393667044807 1.7476816266546151
0.3480754036581342 1.7472286159214354
0.32944718120123595 1.7465755923404944
0.31018680700582824 1.7577069125324027
0.29163012904318214 1.7566604598125395
0.2703490997951835 1.750204457792312
0.2542505371791244 1.7489374185737538
0.2355922804373379 1.7472822043814802
0.21725232952002851 1.7424429083715034
0.19852442430537445 1.7403768535574469
0.17845002221813208 1.750031887522297
0.16000156254521228 1.7475974221825976
0.1408559334553101 1.7448611270742098
0.11683179132875188 1.76644749868144
0.09983567243749236 1.7636389586474175
0.07584232639830002 1.7726042430969
0.05979645742553469 1.7695947416343054
0.04047711761201206 1.7657710205571484
0.017915361968568466 1.7804640769699314
-0.0010711269811291557 1.776283465864074
-0.022421688836583353 1.769271295420928
-0.0383599805773579 1.7653899080453073
-0.05750903340433172 1.7605244912677114
-0.09101746201863609 1.8095653765456436
-0.11003363552002732 1.8042978386724913
-0.11555445185678659 1.750665189912294
-0.13382886544661332 1.7451795731144635
-0.1525789780199167 1.7393336290230417
-0.1397162342084174 1.637340033875641
-0.15690790178398428 1.631572734796264
-0.13675308550639276 1.5136486135161513
-0.15120056890025135 1.5084475240604294
-0.13701585368329872 1.3769887337566702
-0.15165472206679276 1.3711896541403052
-0.1674520531855298 1.3647278729972236
-0.12656708412695894 1.2322041656779255
-0.14029480721171828 1.2262469250930061
-0.117653522534507 1.1421693528578047
-0.12952318402353302 1.1367150907688257
-0.14304122996105917 1.1303195223309115
-0.14385319835686128 1.1054626627059876
-0.15565539342833878 1.0995776842742844
-0.17491528460443495 1.107689674741171
-0.18666302905626886 1.1015128189624137
-0.1994939857573651 1.094582551039778
-0.24124839315611635 1.1446154368497303
-0.2534696263441275 1.1376824897332587
-0.2956442500870531 1.1814059748117163
-0.30812455148072715 1.1739678954682786
-0.32138927755604896 1.1658638472082243
-0.41656889138198405 1.2903271854949028
-0.43019386440623775 1.2816033503008006
-0.5208513936014009 1.3883762857749904
-0.5355919026469617 1.378486050600962
-0.5518318342388704 1.3673229901268638
-0.6298585855074083 1.4493706544071743
-0.6450191310809449 1.4384780205741161
-0.6974431888834755 1.4768948666622377
-0.7130876859478082 1.4651401992271433
-0.7296541139146476 1.4524054471516255
-0.7573236356188581 1.457368519777324
-0.7726961277741528 1.445027609391429
-0.8042563019832875 1.4514691726432003
-0.8197167643581967 1.4385016561490538
-0.8361145108224076 1.4244356482952394
-0.8468040477370867 1.4084177883520275
-0.8617529264063096 1.395041416125383
-0.8816884849591581 1.386296731411821
-0.8959869280932901 1.3729391400245379
-0.9112253359616486 1.358393211972241
-0.916722039857791 1.3362705825366124
-0.9309641028056262 1.3220856844557443
-0.9300515093936915 1.2930537430283253
-0.94360059198277 1.2789692917437658
-0.9410469726059597 1.2466571370125747
-0.953262345021426 1.2333864056114414
-0.9660227185110485 1.2192386692160335
-0.9207457084999547 1.1526663756173994
-0.9327754826947515 1.1387354884817509
-0.84805047439803 1.0422312667325095
-0.8583057114636129 1.0298265565123332
-0.8691964507377897 1.0163741286724082
-0.7401315365753057 0.8926388291500835
-0.7493626155175744 0.8807210557552262
-0.5962069745815357 0.7299292183459323
-0.6038549275723416 0.7193749261607116
-0.5674475691561143 0.6773523462230906
-0.5745473460718693 0.6670970471110454
-0.5816137454938105 0.6566547454009698
-0.5768139347275213 0.6385323303656111
-0.5835420266605195 0.6281194805071071
-0.5622817479910911 0.599974864042828
-0.5686811701709711 0.5895869660670916
-0.5749003252474074 0.5792455056644797
-0.5766648050160503 0.5663628330345841
-0.5826214921427483 0.5559640304724387
-0.5580114578479094 0.5282518780204416
-0.5634719480422192 0.5182256316853996
-0.5691694323458241 0.5074905037598963
-0.5227303021950801 0.4710252534747751
-0.5276514294681858 0.461257873001244
-0.5298873472992177 0.4498872317957287
-0.5345896917198546 0.44003534872892514
-0.5393215977908055 0.4298417568405008
-0.5465869629932281 0.42103339712100885
-0.5509750227028768 0.41102616242188633
-0.5176023847843351 0.38474779198599834
-0.5215716752526974 0.37514083671594145
-0.5255347320137078 0.3652539662157195
-0.5191805317373661 0.3512309070611709
-0.5228138298099683 0.3415708352764605
-0.516106793422644 0.3278373728617301
-0.5195703480418606 0.3179927279076851
-0.5229603091396037 0.3080150446860141
-0.5236041346476102 0.296404120183642
-0.5264599201189202 0.287353469464428
-0.5020025500358465 0.2680902827944908
-0.5044468542332108 0.2597246385456125
-0.5071633535344697 0.2500712898437056
-0.5011115511090916 0.2379537191509458
-0.5037160901719528 0.22786230132323088
-0.5092270078593089 0.20927314251763998
-0.5114159301298368 0.19952444037151057
-0.5010087728276328 0.18596556478994472
-0.5027319324145203 0.17741211401464677
-0.5045632700191347 0.16782517848132927
-0.49645522968047673 0.1564225724712512
-0.4980775911817269 0.1468217974867046
-0.499623050843621 0.13703417964440734
-0.49704839293678116 0.12704401099437193
-0.4984016328527823 0.11709187028762742
-0.48668072756810266 0.10604851417771124
-0.4877398344734477 0.09678319218260803
-0.4887400403634822 0.08712141329613549
-0.4905995012492147 0.07790075978223825
-0.49140635116137643 0.06804937258462382
-0.4880718304127766 0.05855274568541203
-0.48864631026656435 0.04906867890641577
-0.48912755137014563 0.039397936424756204
-0.48749294391513853 0.03000457466522098
-0.48776646803972445 0.020364140646559097
-0.4909347274538559 0.010784777082695795
-0.4909988507744977 0.0014310550389366975
-0.4909624457841648 -0.008180476899247544
-0.4878282162271006 -0.017465923136345176
-0.48758758686398407 -0.027060592103084556
-0.4862224559286923 -0.03713163890427004
-0.4858121410833087 -0.04588954902158271
-0.486263381651973 -0.05550872312356992
-0.48562771570440944 -0.06486562399445336
-0.4848783783132399 -0.07439257754460914
-0.4829923022756951 -0.08422347726060349
-0.4820832223935798 -0.09326408082299656
-0.482029099802887 -0.10280402278563186
-0.48089704709439185 -0.11209100062173111
-0.4796341102825097 -0.12160523026374094
-0.4782938988461535 -0.1309344387455905
-0.4767965607720569 -0.14061220081590584
-0.4762677051513864 -0.14991967485531377
-0.47463404399651243 -0.15917377008259473
-0.47286756408805786 -0.16859186090372283
-0.4788440985482011 -0.1795607152107604
-0.4768942570525998 -0.1888530167833414
-0.4747160640035847 -0.19869777898627056
-0.49698361589611073 -0.21331758674319026
-0.49463175960754757 -0.2229753679254799
-0.5367091760289507 -0.24413094753259812
-0.5340694266774485 -0.2540439059423833
-0.5312395888374556 -0.26422874215695497
-0.6176118556470881 -0.3003116901595571
-0.6143257564867944 -0.3112302358825245
-0.7262163066826269 -0.35883259406322465
-0.7223564736416465 -0.3707289388147196
-0.8166881145836701 -0.41649253514419005
-0.8121401067309227 -0.42954902124710653
-0.8075104157423897 -0.44239642389336875
-0.8840722386572631 -0.48609411219405296
-0.8788470873785595 -0.4996790240778325
-0.9669560419514728 -0.5514591366296903
-0.9610805481711281 -0.5658053918002032
-0.9550374897609121 -0.5801287799639369
-1.0026078431565537 -0.6186923616109383
-0.9960110719408243 -0.6334367269259262
-1.0415904632592636 -0.6731254981353343
-1.03444228597432 -0.6882269452795106
-1.0269237900156343 -0.7036828102827423
-1.0504795279826489 -0.7348368110697994
-1.0426462945302197 -0.750098439458599
-1.0618009013283833 -0.7802481175084792
-1.053561257466666 -0.7954927220232281
-1.0448022286241727 -0.8112924997574082
-1.0520214032549755 -0.8370243989809684
-1.0432626025113256 -0.852038180008522
-1.0343133173499277 -0.8670186316756089
-1.0455131621955416 -0.89470201627103
-1.035842274391722 -0.9101411775486301
-1.0476187328627673 -0.9399340425076621
-1.037739837314287 -0.9549765233760916
-1.0521416193774655 -0.9873300953945404
-1.0416515232831194 -1.002585101333279
-1.0308324056363607 -1.0179659262376444
-1.0441270271726153 -1.0525521979405983
-1.0335836251054706 -1.0668678408450865
-1.0477034771198808 -1.1029753588974716
-1.036542879996417 -1.1174723951541712
-1.0244944756213439 -1.1327910173214975
-1.041626549115715 -1.1721249476419804
-1.0290381806305309 -1.187440052507992
-1.0474942129106308 -1.2292117407469854
-1.0339983148694922 -1.244929649800123
-1.0210627914006851 -1.2596751735651908
-1.045149015969825 -1.3092151548318736
-1.0311032966109352 -1.3245540209554736
-1.0415408893890867 -1.3631639168564138
-1.027041022402094 -1.378335924360091
-1.0122065506812032 -1.3935310036784605
-1.0406383472513046 -1.4528169714141659
-1.025323593928225 -1.4678449007274328
-1.038104899294713 -1.513802595659204
-1.0222097727518609 -1.5287456826722687
-0.9890417638615031 -1.5589441870216278
-1.0184548831639453 -1.6263301461967548
-1.0005830500541895 -1.641746362840772
-1.0210356535632514 -1.7016893580504235
-1.0028744855643383 -1.7166922198672052
-0.9841521552480538 -1.7318232620917668
-0.9936234010727775 -1.781700821120747
-0.9744426018238063 -1.7965387650400997
-0.9586815844919526 -1.8172356346831957
-0.9398444978696711 -1.8311684033775728
-0.9196194520937934 -1.8457967118985985
-0.8935910621806445 -1.851945777782479
-0.8746422080168709 -1.8650384021627746
-0.8460409579735958 -1.8662577343583187
-0.8263920956222987 -1.8792281468185674
-0.8048206500841647 -1.8931305293430698
-0.7654090918339992 -1.8718564711725771
-0.7451771529233814 -1.8843020693143389
-0.6956081497647236 -1.847578626789431
-0.6737481267565121 -1.8603679636800032
-0.6562817820379775 -1.870340289074337
-0.6138898982868054 -1.8413123782107073
-0.5941671536269572 -1.8520355478902866
-0.5613120066107792 -1.8377582066055251
-0.5395363384559153 -1.8489855242053277
-0.5219591800179357 -1.8578124960233888
-0.4795893838304346 -1.8239921918289004
-0.46080688864260266 -1.832931122673583
-0.43240783546691575 -1.82513922632036
-0.41224942881142956 -1.834199243647076
-0.3808782184558078 -1.811893542110376
-0.3605001929320132 -1.820540704447547
-0.3423293434068061 -1.8280252038517466
-0.31100310368088835 -1.809312186040912
-0.29181999644129275 -1.8167336327937482
-0.2728197918433257 -1.8238556762265767
-0.24848992344012932 -1.8156664944853211
-0.2290558727033568 -1.822490798061109
-0.19897030887671907 -1.8010104300320215
-0.18061740609858523 -1.807010632989012
-0.1561430027210603 -1.7989980435021053
-0.1371211652516291 -1.8047686427458596
-0.11784588803023566 -1.810393503150676
-0.0885578874061011 -1.7853605211982502
-0.07026563423056698 -1.7902656878971126
-0.04079246192472741 -1.750350537895292
-0.022109422855250138 -1.7549497528809215
-0.0035111619045946063 -1.7593191132419395
0.03431103211363362 -1.6786290771835821
0.053255878818713354 -1.6826445003108106
0.08564667992855235 -1.6065338434530592
0.10260527144870613 -1.6097594153878716
0.12058240215774241 -1.6129770010809399
0.1463445076529084 -1.5605191095280297
0.16386322850190652 -1.5632659483102858
0.1914768543652674 -1.4824058478482187
0.20808255953144966 -1.4846469937476723
0.22312210490037887 -1.4865137773411747
0.24755990767259856 -1.4107880841044886
0.26323285117512074 -1.412393623251788
0.2832083547356458 -1.3539721974975871
0.29712531301839296 -1.355100660016973
0.31158822846101464 -1.3561210707946907
0.32818856036913097 -1.324054046154515
0.3427279194757005 -1.3247625858214815
0.3567516828135326 -1.3152891632871224
0.3706241542996529 -1.3156720942884628
0.3847338515507906 -1.3159114501787448
0.3990755616744606 -1.2999996713129516
0.4128989307780607 -1.299936005188249
0.4269040030217758 -1.2957207162893571
0.4410791635727719 -1.295348795622307
0.4541924039142328 -1.2948664731770596
0.46854793985789933 -1.300194285459384
0.496228977006664 -1.2984390567078037
0.5103610135542404 -1.3003251311450073
0.5241563855566493 -1.2990805178762048
0.5383125389695778 -1.2976496605647416
0.5526257274401666 -1.299064812595338
0.5664256797373418 -1.2973690658883323
0.5804170525851232 -1.2975167386729534
0.5944710838382323 -1.2954848503748637
0.6083493221161563 -1.294338271076668
0.6219771556792794 -1.292070873581065
0.6360116250995742 -1.2895811385166338
0.6491937270619339 -1.2840430235755274
0.6626655678490144 -1.281355063776842
0.6803104830053668 -1.2960331913640553
0.6944269322089337 -1.292899370248913
0.7081050114548654 -1.2897082235592658
0.732778596944576 -1.3310305801955113
0.7469506193237132 -1.327406971411139
0.7816619924372645 -1.397832294493448
0.7967098822448069 -1.3936363475919074
0.8111846908105018 -1.3894344713022893
0.8263807250705794 -1.3848467342230646
0.8409338473033847 -1.3802819792717125
0.8705258930468076 -1.4200779499634884
0.8862612373983844 -1.4147671218274025
0.9012330506933052 -1.4095323440392145
0.9187848937422716 -1.4116933923571435
0.9334762298098155 -1.4062073503676138
0.9595721837768044 -1.4282979280049588
0.9746679204360218 -1.4222913840777278
0.9897280725210853 -1.4161132724752514
1.0247593300434628 -1.4555864040048065
1.0403108604445965 -1.4488126179726282
1.0760969593886367 -1.4864662463390956
1.0921432483346436 -1.4790627856128244
1.1074923475161138 -1.4717824493470966
1.1442910057053763 -1.5061311028015056
1.1602144619808026 -1.4981568582078575
1.1919485711729232 -1.5200702156864878
1.208022693996853 -1.511587022300095
1.2244614232512854 -1.5026840524775875
1.2491577552508288 -1.5084071422190277
1.2644871272747418 -1.4996743002319752
1.2640477878562035 -1.4617200211739596
1.2796359165185747 -1.4523927342046734
1.2948210224205954 -1.4430867395392974
1.2841924181481235 -1.3919068818313147
1.2986785482381187 -1.382598230483689
1.2805391343737835 -1.3227138136559502
1.2943205242030553 -1.3134351144952583
1.3082457818664814 -1.303844545841928
1.2792333359451837 -1.2325358984478723
1.2917558979042598 -1.223506198820818
1.2404216329488291 -1.1271767735682028
1.2523807035129733 -1.1181606039736547
1.26414820975682 -1.1090914622221573
1.239353911788625 -1.0535150738196075
1.2507131559899785 -1.0443639816776382
1.2616373781366135 -1.0353695130714746
1.272680343349811 -1.0260789532637609
1.2834741203339628 -1.0168001173781063
1.3210035901507293 -1.0370734722908823
1.331883352411395 -1.0273083361379385
1.3776365345608044 -1.0545476785294923
1.3887143661515262 -1.044168521918558
1.399913326151828 -1.0334492441257033
1.4953890512426864 -1.1079200451375752
1.5069492708923238 -1.0963700614623482
1.5955981848038827 -1.1587795219512904
1.6077700349758426 -1.146087493437762
1.6200393840063998 -1.1330176086333716
1.7971827251288657 -1.269812754937308
1.8106369314625237 -1.2548495716993313
2.003478165321167 -1.3959705488792604
2.0327659223650603 -1.361598855303343
2.047629793372685 -1.3435743611689985
2.1560617993568947 -1.401875870695913
2.171081161883507 -1.3828523124402572
2.252837862227402 -1.4144090130851792
2.267491749085145 -1.3950037874855055
2.2825997459890375 -1.3745469058573494
2.3139811307352574 -1.3635161279535297
2.32699436173057 -1.3450623516620315
2.321532075390636 -1.310721359879725
2.335584042289534 -1.2898800003233277
2.3491631478532073 -1.2692671204482442
2.285775771291712 -1.1996144132216606
2.2983337923638993 -1.179641391597165
2.2092040233220662 -1.0973772377789004
2.2206821514443558 -1.0782265547703567
2.2322923280358555 -1.0583765041897635
2.1876773782601786 -1.0074291991285615
2.19829858293296 -0.9883451859655654
2.190280262427192 -0.9590920612556573
2.2003598926938683 -0.9400347104119738
2.210340875182464 -0.9206665605112375
2.2451681958176857 -0.9136932357979387
2.2549543409709787 -0.8936584319038923
2.353075795598574 -0.915502013458734
2.3626078341769077 -0.8948851821476471
2.372224614579313 -0.8734867312372184
2.544790546320373 -0.9230918223095449
2.5546772989960265 -0.8997726030454515
2.9478324285192246 -1.0322552572817594
2.9586048623001653 -1.005257259916064
2.969342959729579 -0.9774854245911017
3.2600867881477913 -1.0536638763203618
3.2711967150031724 -1.0230021621458047
3.590507708302558 -1.0975138100552349
3.601767182809678 -1.0642193886050848
3.6131010685372025 -1.029493819002858
3.9199857787453434 -1.0869940742389252
3.931400104594644 -1.0493184937229203
4.11284576842838 -1.0592909420284278
4.123737138192932 -1.0203444152063135
4.1345670547489926 -0.9799642409717999
4.1845044702780925 -0.9503314760888126
4.19442445585975 -0.9099159569836368
4.198615963717873 -0.8656400869805735
4.207237043149789 -0.8268990852988352
4.210356017863083 -0.7831264375147815
4.218063062045264 -0.7446438438915234
4.225813418568804 -0.703741206906975
4.237121697814947 -0.6206980555453173
4.243540461924484 -0.5796254976701162
4.188025663497535 -0.530553081872174
4.193489464732564 -0.4899619178702036
4.132074143537236 -0.44066607214625786
4.136523386734491 -0.4011944421177961
4.140982333021049 -0.3572326749114496
4.081438967398338 -0.3162785628541097
4.0846133440441825 -0.27685646983870094
3.9596734823367314 -0.22850317098168774
3.9618808470678446 -0.1910335868146076
3.9637512897684273 -0.15220297196136123
3.748260629354396 -0.10793867664237276
3.74922278240546 -0.07215783960338695
3.658816488036279 -0.034584639695896674
-0.42197449768882855 -0.006474963258421532
-0.42686470790955067 -0.014958436203471173
-0.42665338692816257 -0.02394113364478452
-0.42934997036396816 -0.03284245205956827
-0.428952700549856 -0.04168237338612887
-0.4284321721644052 -0.05099152991394969
-0.4318636818565156 -0.059655802803430115
-0.43117150328747256 -0.06862894522607015
-0.43039868718018526 -0.07742105869480653
-0.42951613347652207 -0.08636541149187354
-0.4285194576798531 -0.09545422068133971
-0.4274889563668136 -0.10400974517304401
-0.4233103189534768 -0.1127879368759094
-0.42207615315034375 -0.12145698177351698
-0.4207583359244893 -0.13006442253922887
-0.41832007198686594 -0.138752512710258
-0.41680793345153544 -0.1473933507680449
-0.4110909775535383 -0.15622876217664083
-0.4095332495897135 -0.16410946897945436
-0.40774511658540136 -0.1726957632150722
-0.415604621992372 -0.18353501187697063
-0.41360457272035367 -0.19220717793186248
-0.43280667767076797 -0.20639049790864278
-0.43061764891076815 -0.2150309775775294
-0.428262081091659 -0.22393285829845108
-0.48924340574698444 -0.2510421584824035
-0.4866266654988347 -0.2601329583624831
-0.5440074202403781 -0.28813016248061585
-0.5408214272574681 -0.29836896958836184
-0.5376618218985079 -0.30815468153829956
-0.6326824727436925 -0.35192031837899407
-0.6289634259785543 -0.3626503384783696
-0.727346659256434 -0.4112049487340315
-0.7229126603384871 -0.4231632749324324
-0.7183572516089206 -0.43505983240669466
-0.8372832227908761 -0.5119093929595584
-0.8315592910908266 -0.5255308863690702
-0.8809677834106576 -0.5624255842900344
-0.8747948523957895 -0.5762803868822861
-0.8684142367051483 -0.5901917689392968
-0.9109669029966488 -0.6265578818013345
-0.9040426783520913 -0.6408445154920999
-0.9535759209420692 -0.6827065447509852
-0.946133776785879 -0.6972659858305049
-0.9673585099049052 -0.7278267001083687
-0.9599798876430291 -0.7415225587980813
-0.9518338040071636 -0.756271357611487
-0.9671013966572423 -0.7840980622714337
-0.9587736546463815 -0.7984423306907745
-0.9693424640996339 -0.8256526000767771
-0.9609776258760884 -0.8393693477037899
-0.9506240649656482 -0.8559296905328546
-0.958982302979377 -0.879959146886302
-0.9494499761428895 -0.8945086706611375
-0.9668655381672743 -0.9277837035487786
-0.9576512677928121 -0.941215721851569
-0.9471167038067231 -0.9562324959573948
-0.9597455299045438 -0.9866570295217134
-0.9493050420599364 -1.0008875578563425
-0.9646977042728714 -1.0353594428759294
-0.9535880913909202 -1.0498420256613306
-0.9422834228855174 -1.0642575875448292
-0.9573373153809323 -1.0998383573391517
-0.9455841014986651 -1.1141868899758378
-0.9615292602597677 -1.1527766797851569
-0.9492293960593737 -1.1671486781080023
-0.9361631832018839 -1.1820845772853181
-0.9511890735595231 -1.2207903536207017
-0.9384755181481038 -1.2347162780647887
-0.9523709669882537 -1.2755288188227092
-0.9391401693215332 -1.2894125045575973
-0.9250129200451379 -1.303925520002372
-0.9517736278041194 -1.3592634252319489
-0.9375703415530147 -1.3732423607643884
-0.9537552883113928 -1.4201375353707602
-0.9385993615228149 -1.4344322045083593
-0.9073627265386189 -1.462958202156681
-0.9280130139489827 -1.5181141046647775
-0.9115578693127265 -1.5323527516351647
-0.93384653824771 -1.5934043468010872
-0.9172814866332825 -1.6071258460286204
-0.8994306512330449 -1.6215930385383577
-0.9283113871022511 -1.693131081427098
-0.9099069432736263 -1.7074096754919557
-0.9141438199854209 -1.7506418881067956
-0.8948893996240216 -1.7649312855579793
-0.8759908494815544 -1.7786422777049187
-0.867706387765785 -1.8065905774186426
-0.8478184888979697 -1.8203840305727763
-0.8294787150595212 -1.836431890709696
-0.8098266762048926 -1.849437593849282
-0.7907184001942419 -1.86179743566234
-0.7564859614166833 -1.8514937809904002
-0.7364054803357499 -1.8638861511001343
-0.6963744012194045 -1.841307191196187
-0.6763111801378304 -1.8531063767388827
-0.6565028787044273 -1.864470613147136
-0.6137225954175661 -1.8356948274535922
-0.5944892970195185 -1.8461852664653198
-0.5494706515322167 -1.8078355793265568
-0.5299731043975142 -1.817942250209629
-0.5104411391789319 -1.827802213613543
-0.47266072980573925 -1.7995730745526604
-0.45295170153794406 -1.8089978979654802
-0.43402346267860326 -1.8178022069800643
-0.4140221606125033 -1.8268464418313193
-0.39463887808345566 -1.8353607420445353
-0.355115213321487 -1.7956906789896876
-0.33536985279817344 -1.803866729998531
-0.3036688978773815 -1.778881413180775
-0.28462399594529664 -1.7862975631668692
-0.26513360407411635 -1.7936460879257583
-0.2351356166510966 -1.7694639720721161
-0.21589325121719893 -1.776253220434831
-0.18733264105247593 -1.7532373965764942
-0.16851654831565277 -1.759428865936687
-0.14938882340376014 -1.7654950922387274
-0.12733855366973323 -1.759682655996107
-0.10811532903966836 -1.7653293778768055
-0.06342161266532009 -1.7496686568932627
-0.040714706134195144 -1.7390245966624653
-0.02241817690927217 -1.743559257328711
-0.0029254319269739204 -1.7481667816047934
0.024397163448105996 -1.709216928647201
0.04297405997762055 -1.713193648759864
0.07786484199781452 -1.633540308648338
0.09496700395222518 -1.6368200485459965
0.11275194138590544 -1.64003461939754
0.14323464092598043 -1.5630507190681915
0.16006294409924932 -1.5657222643897226
0.18535924125518544 -1.5088092472825883
0.20124556565002863 -1.5109840087923574
0.217621321761035 -1.513047923141831
0.24243612261475184 -1.4343718571358428
0.25777696447295584 -1.435974097317035
0.2830602652448514 -1.328864589954671
0.29692488840691955 -1.3300118500863345
0.311398364221344 -1.3310543753496122
0.32719668169218097 -1.2999629521041631
0.341788428378152 -1.30069804832994
0.35707761790703485 -1.2692744656359654
0.3697140061287466 -1.2696388299730086
0.38353876052437513 -1.2698933134696497
0.3970650542295042 -1.2529965626821664
0.4103049009039637 -1.2529576245896583
0.4235127575629746 -1.2317756087176692
0.43659674067115445 -1.2314563242649934
0.44972601416480384 -1.2309960696587465
0.4627671746493361 -1.228397444553895
0.4757357620891388 -1.227666116800809
0.49123581866264904 -1.2316253591871826
0.5025644367998754 -1.2307337389963455
0.515694321173725 -1.2295689586388197
0.5289247264345003 -1.229257668234691
0.5421368787434686 -1.2278001090165551
0.5546077225904082 -1.2212524113038252
0.5674819027816576 -1.2195535298791258
0.5808425997259145 -1.2176440178165262
0.5956377338835452 -1.220418730223734
0.6073801614685632 -1.2184783414690934
0.6223412234027197 -1.2158373165747882
0.6333471579478581 -1.2137730858268598
0.6465983810385973 -1.2111503781401973
0.6580802332667004 -1.202619887244929
0.6709047150943372 -1.1997960807319117
0.6856397346173709 -1.196373663203816
0.700031982308307 -1.2083070013834016
0.7131383983443611 -1.204976905787961
0.740700649645998 -1.2555970959391372
0.7538953385661629 -1.2519421269935527
0.7822165333491674 -1.2978904120281285
0.7957646328489141 -1.293823541054175
0.8096654012388754 -1.2894895342839316
0.8442327937017077 -1.3476714083930015
0.8583830119672127 -1.3429244261461128
0.8652305697539844 -1.3119544645171122
0.8777529214876394 -1.3074464218506336
0.9057686524540944 -1.2968662499250911
0.9318727868370633 -1.3220197950946786
0.9471036372052635 -1.3157897287016538
0.9862970817294204 -1.371976578501093
1.0015819793730483 -1.3653435912229586
1.015900363334517 -1.358944716478345
1.0730940632643633 -1.444915354613643
1.0902772891211563 -1.4367857405067563
1.1138073228433796 -1.4509197448016093
1.1292977038746952 -1.4431957106099982
1.1449022557735347 -1.4352036891478155
1.180337041853691 -1.465153268812185
1.1974038592605982 -1.4559351239791916
1.2279533368951683 -1.477879992395917
1.24373288645347 -1.4689284585427895
1.2595341791739378 -1.4597386734726818
1.2718557570382698 -1.445410508789536
1.2881875277276529 -1.43543265797774
1.2887606401289178 -1.4044032627979885
1.303590178548243 -1.3949081651604003
1.3186404658856725 -1.3850428493145455
1.303581855557601 -1.3313229624351421
1.3192661592379005 -1.3205418314010349
1.2920034992583855 -1.2553604093290485
1.3051346804638104 -1.245925844591754
1.2690080033713176 -1.1694759895254783
1.2813960643619329 -1.1601680816706241
1.2945141543335013 -1.1500840959238683
1.2414072428760419 -1.059548418731177
1.2525834824709454 -1.0505762254199906
1.2307197502016214 -1.0012520644797471
1.2413846820943875 -0.9923068158271042
1.2526961710392102 -0.9826038061676078
1.275613050005684 -0.989112120368436
1.286111438480986 -0.9797180811810905
1.3286810632543056 -1.0044777164043277
1.339041375864205 -0.9947991226448992
1.3500827646162787 -0.9842594883358193
1.381224633113641 -0.9957922571354931
1.3918378548626154 -0.985221634791647
1.4669092431147246 -1.0372312504723167
1.4777777255365825 -1.0259333186602289
1.4898295440948495 -1.0131216929954723
1.6327916938807965 -1.1235873973565726
1.6444161083978313 -1.1106991262983856
1.8548545140407375 -1.2697083692625208
1.868105794114983 -1.2543629368273026
1.882155883187329 -1.2377297515747079
2.060715902091583 -1.3591683827032397
2.0750895346145732 -1.3414138254188126
2.1991716582006737 -1.4086185943424991
2.213738657774626 -1.3898118870170517
2.294809865013788 -1.3883431043680923
2.309356457382534 -1.368268584252237
2.324245842462077 -1.347248654765487
2.351570256951711 -1.335888667584778
2.36572100600581 -1.314977538419386
2.3218207319060746 -1.2562726911049202
2.335057834800817 -1.2357860559077267
2.3483235391424566 -1.2147639222595523
2.30148525996524 -1.1573373778354017
2.3136932310412073 -1.1370374740821272
2.226164219122128 -1.0589831182781295
2.2373020105521175 -1.039539475932082
2.2485943213134703 -1.0193233222131193
2.1974828573621292 -0.9668176547256861
2.208112259065655 -0.9467898703600992
2.1911299591836935 -0.9143163945345298
2.2006824562360245 -0.8953567399667007
2.253473425062043 -0.8967258569868392
2.262846249033089 -0.877088850951459
2.272277995983803 -0.8567707428214825
2.4110404493707476 -0.894492767435658
2.4203629584643167 -0.8732322234464973
2.6594229575091672 -0.9473689350408997
2.669196587305638 -0.9237136180442762
2.6789548677724464 -0.8993690625412192
3.0473146615281457 -1.0115735676944702
3.0577788553673266 -0.9837517755828155
3.068290495950435 -0.954872676968286
3.3751361311775723 -1.0288192265708036
3.3861038573190885 -0.9965378835267935
3.7192618694655364 -1.0652214051135824
3.729525032509851 -1.0326950459309259
3.7415312321200433 -0.9931591135192315
4.034127051918991 -1.0435907102454423
4.045042125094401 -1.004802919127575
4.044087377822066 -0.9622827977252324
4.05462011143572 -0.9214731906515607
4.1324109754567555 -0.8590741005815237
4.141396583491184 -0.8190553125647241
4.150938695575906 -0.7741827316798807
4.165962126746662 -0.7401170582480577
4.173601989492869 -0.7001228641427633
4.1818589304871985 -0.6598969843045391
4.18870315664467 -0.6193943742323746
4.1952229584490786 -0.5781035336866799
4.188197738825745 -0.5365015298724807
4.193912414232611 -0.49447405708660375
4.180059943842964 -0.4521015604418237
4.1845750838078555 -0.4126020298311206
4.188839119444319 -0.3714123408940534
4.127766592477138 -0.3260678334509367
4.13114380989471 -0.2848330561651676
4.017146500276759 -0.23848730686473885
4.019486376085726 -0.19985838318624286
4.021446487322223 -0.16046912307835975
3.9699603554784626 -0.12069407736956209
3.9710606124300627 -0.08191521440259919
3.793751363612107 -0.0410814067549606
3.793995622366605 -0.00545117935146225
3.7938569483630253 0.03116109831206038
3.6753662571621413 0.06443509481381501
3.6744785299171303 0.09983164383975891
3.6341624462696474 0.13550745787274018
3.6326650515069567 0.1674683993042423
3.630669556765132 0.2023442981430115
3.6044164983764273 0.23469960573668444
3.6017052134239185 0.26917044104823207
3.5656319292409364 0.3019511360639445
3.5623727702498127 0.33436277003058623
3.5586177222670954 0.36814954105665426
3.5436517367591525 0.40001844703858863
3.5391447021230555 0.4339718183623828
3.519525852433297 0.46505317545449554
3.514207604363815 0.4994266682132521
3.508828281268248 0.5318860005552973
3.5364829384261887 0.5708053757292594
3.5301482500705608 0.6045791367391091
3.5705011180624067 0.6477797931126216
3.56346690727114 0.6813025220857245
3.5556088997944255 0.7168182974354208
3.5618186026706726 0.7519329250708966
3.5535284367945 0.7859760799976253
3.564296493403584 0.8246985520987556
3.5553791583008847 0.858185508710325
3.545819685432314 0.892590895509548
3.540114246360572 0.9266922465432512
3.529974106256141 0.9603843471059236
3.4661286589718223 0.9769232552415018
3.4556202471902018 1.0093111041503953
3.444558594658048 1.042202937864699
3.349289575397401 1.0451468798461852
3.3380249540108373 1.07640622889763
3.283317342884445 1.0914990152179629
3.27158453779177 1.1220032274085618
3.2591081935796407 1.1534250462885594
3.1821816089820945 1.1565614962645967
3.169829007224986 1.1858399009710578
3.1576386427096224 1.2163984200230735
3.1446688655118353 1.2453870156260556
3.1309576720700316 1.275173005267063
3.1237273073088754 1.306809303387431
3.1094511437066186 1.3361569892295198
3.124332397576267 1.3801916488358947
3.109619793047534 1.4088564785403215
3.094230508543684 1.4380674416843047
3.113255865627276 1.4848877424368412
3.0969060308597265 1.5143800251959332
3.119507866836137 1.5676727854422812
3.1031034064934677 1.5957922715076076
3.0863421856571733 1.6238493346239482
3.101409009585432 1.6720401798194493
3.083335826907355 1.700893247689408
3.122462576403559 1.767685922352185
3.1038838423651076 1.7959755474384673
3.1025050182947362 1.8374685374426865
3.0829824476590164 1.865858833233005
3.0628475521751866 1.894483284137027
3.0013681591878263 1.8960075686462168
2.982375875329888 1.9217949522553635
2.960526094971921 1.9508119122477803
2.843701514543354 1.9009310634051195
2.8232059871009216 1.9269895547403075
2.6586517139267185 1.836413198377722
2.638929033269902 1.8604079617065448
2.6188813342721673 1.8842735004288962
2.43508449635244 1.7667643002692621
2.416726815600234 1.7876906754914115
2.245344128084546 1.6717670438622387
2.2274088249031943 1.6913535959892978
2.209191942832071 1.7108256819417682
2.050735456861294 1.5943956383096811
2.033575621881735 1.611972607581687
1.928653886550626 1.541576561554328
1.912403481142805 1.5575226194913272
1.895270946536792 1.5739776988391432
1.8058625339845973 1.5111738932162657
1.7730757665757384 1.5410252883202302
1.7566686185590275 1.555489074026925
1.739575261961003 1.5702337779904334
1.6338717334728283 1.4775606739950677
1.6181025641458513 1.490587516122855
1.6018461429194875 1.503725656078778
1.5588884250300152 1.4816000196852896
1.5429383439569322 1.4939387343237962
1.4862267052747478 1.4528274311658516
1.4711669982968636 1.4639662775350006
1.4549976580423718 1.4756611879171693
1.423305545868443 1.464996505045281
1.4083159033758959 1.4753535301748022
1.3778423025808832 1.464563222016488
1.362422673970975 1.4747418745755334
1.3454942802131078 1.4856518993641468
1.3249278506619042 1.4856003739464896
1.3088707562883966 1.4954778327891585
1.2982150613294592 1.5147048239181504
1.2802935061537326 1.5251899367041364
1.2659740308048795 1.533365572188038
1.254233591753536 1.551362617417299
1.2376165694925507 1.5603972194641755
1.2458989450649338 1.6171208905762215
1.2267376170115956 1.6270002804603287
1.2112707345866602 1.6347675049386137
1.2539618412892042 1.7708487156225268
1.2357265891710392 1.7795272035438348
1.220374023289179 1.798753863626796
1.2005070392623132 1.8076829036342315
1.1824613471298173 1.8155669197933169
1.1662819987576496 1.834381611982627
1.1479730028853172 1.8419230133082982
1.1142947847164484 1.8176886313466571
1.0950228667951896 1.8251444366492742
1.0759346982870452 1.8322994525054035
1.0434446180191728 1.8015404584805086
1.0241617658099198 1.8083116684081433
0.9917119753128815 1.7791857514805272
0.9735814733587187 1.785113243864277
0.9537802071704666 1.791354929137784
0.9254260150788642 1.7654720339553232
0.9065704332191703 1.7709744199700184
0.8732492123820312 1.7294172957906333
0.8555301362373875 1.7341687619662474
0.8378619857235661 1.7387138584189796
0.8090135072431208 1.7005025583317073
0.7909922560504912 1.7047363595901122
0.7612189630402585 1.65811032827738
0.7425056889666146 1.6620766688169066
0.7258751277710733 1.6654171853022852
0.6986664225646473 1.6166429315196462
0.680612419580128 1.6198742759786593
0.6581478097321131 1.58815638661012
0.6403188269072946 1.5909518727585388
0.6241240757022598 1.5933139673933092
0.6046093754093564 1.5828300614704642
0.5885752308476925 1.5848202996903908
0.5742479420401998 1.6126132998009024
0.5563328508766416 1.614448524957294
0.5393937075929234 1.615999193775634
0.5262656202246658 1.66321405512017
0.508514227319373 1.6644664798274789
0.492228417565136 1.700500784767073
0.47355531910473786 1.7014107719864127
0.45596647733172824 1.7020801254391866
0.4385055728215038 1.7245701843826735
0.420010718901888 1.7248839297555734
0.40124159178184005 1.7459995585480104
0.38267574373961866 1.7459140500451404
0.3637543292623301 1.7456237427787171
0.34481572239182445 1.740125195353732
0.32719986480348845 1.739477260649121
0.30886598779260876 1.7285993150001489
0.27206424024690085 1.7262657505078405
0.25361309236598495 1.7247990820015389
0.23531440352600788 1.7231481811829201
0.2165371609529971 1.7212502394157607
0.1971991480955587 1.7261274038919703
0.1788625142327983 1.7238741869372487
0.16063752870767645 1.7214382380256432
0.14303095715726577 1.7118200580144192
0.12490261130201047 1.7090004174170197
0.1101259416301113 1.6872809577198962
0.09179870162435483 1.6840296789782436
0.07155199888778763 1.6924236793915974
0.053795535954357376 1.6888808332960823
0.03555409298548107 1.685038628892633
0.0038780942226731563 1.739466422717995
-0.014524389468687393 1.735173054924382
-0.03319429602260382 1.7326680876306002
-0.051642715825184704 1.727951057536657
-0.07042672083709733 1.7229320068773626
-0.07993956078339803 1.6860210609583257
-0.09745118218827553 1.6809376316031142
-0.08935206748956037 1.589372062810874
-0.10605451212251904 1.5841331480530414
-0.12305117656205788 1.5786026943778624
-0.09893783382788607 1.451649419789481
-0.1142999550897199 1.4462781738637667
-0.08153172318099111 1.3103217923740509
-0.09516809628623801 1.3052296948890885
-0.10923257402374209 1.2998069801140297
-0.0750188547020047 1.1756619784944973
-0.0874675332182101 1.1705551691646803
-0.07448577906710041 1.1054737651627409
-0.08629669514826344 1.1003292799375455
-0.09806775391581718 1.0950513743698298
-0.10734566335368534 1.0841629849225665
-0.1185966564462877 1.0788264493989435
-0.14758552562609806 1.1080821684896793
-0.15930063988587695 1.102215402824352
-0.17109010149925952 1.09615331772958
-0.20955270906530377 1.140304562330235
-0.22195368743518862 1.1335883779775495
-0.2907071746927593 1.226942377957476
-0.303176126633644 1.2198390610783478
-0.316477788752376 1.212074081161917
-0.4091821564205026 1.3360644586735573
-0.42315102298054863 1.3275038204713674
-0.5147557703824731 1.4400200972736346
-0.529742633895835 1.430389679323937
-0.5453743003408901 1.4201068383241355
-0.6001306302761681 1.4688320946872704
-0.6157034325844778 1.4581068332039697
-0.6569383562881336 1.4816481738276934
-0.6719918984053835 1.470793449044842
-0.6878857553107175 1.4590766201238472
-0.7312534799112435 1.4839883975923471
-0.746870952636007 1.471952111313333
-0.7964064666920264 1.5016695929722692
-0.8125978170013058 1.4886257199859432
-0.8281690913305847 1.4758050965829486
-0.8400224032453886 1.4579919202277942
-0.8553596631916885 1.444807293735483
-0.8716091385282251 1.4318642389596525
-0.8866305838989351 1.4183817330239012
-0.9019290428956469 1.4043524369846854
-0.9056805155227733 1.3789123943834085
-0.9204696845356909 1.3647566860881148
-0.9147480910294118 1.329788500903252
-0.9286233225729418 1.3159255551569917
-0.9428039673172744 1.3014520757050516
-0.9267335699524429 1.2589753906892882
-0.940211431440063 1.2446181418561184
-0.8869177748935911 1.1695997779851572
-0.8993101821045181 1.1558174815599234
-0.9115938520665613 1.1418592589374574
-0.778110500897461 0.9824518551436163
-0.7888354200534792 0.9694464111162965
-0.629253845016925 0.821660223278379
-0.638056915977116 0.8105102338601767
-0.6468414691349155 0.7991319906620254
-0.5437603090614753 0.7049826090338599
-0.5513953242278352 0.6946444680823507
-0.5130097223634987 0.6504262040152803
-0.5192173104255184 0.6416233600906968
-0.526069413806063 0.6316933123066087
-0.5078771238769906 0.6050125023012695
-0.5142463432105965 0.5953441222738762
-0.49184115895093417 0.5673344227182537
-0.49778023200386634 0.5578885686434916
-0.5037470003078557 0.5481700096088371
-0.479365386945241 0.5207691583059103
-0.4849729486071098 0.5111818465415588
-0.4947098769362588 0.5042055494663902
-0.500025655298318 0.4946542426835465
-0.5052771194055764 0.48497663560293464
-0.48555368429402923 0.4623804410150486
-0.4904630892699565 0.45285371440212946
-0.490770853153365 0.4410932862472816
-0.4954951990894382 0.43142131195360245
-0.5000265835998985 0.42188641695780504
-0.4771228336330732 0.39993941381100234
-0.4814207364183851 0.39037608201793256
-0.46985723655905476 0.37437599817008105
-0.4738669816484947 0.3649184818347094
-0.47121225274938916 0.3529719686594595
-0.4748958059520393 0.34374020528232024
-0.47856761809596327 0.33424383379979555
-0.45295895355195004 0.31423243555616953
-0.45627224866728444 0.30508824323836586
-0.4510542197606112 0.29275709219019325
-0.4540576361970097 0.2838759483534601
-0.45708090150666303 0.2746130518976216
-0.45515398262135787 0.2640770077209117
-0.45792700695228183 0.2549240097399603
-0.46065707400761435 0.24554918236608292
-0.463181750500563 0.23652117368807335
-0.4656921818182721 0.22716083803930545
-0.445742669934007 0.21237546057135956
-0.4479595401101235 0.20334359674262653
-0.43752851972116347 0.1908585304713329
-0.4394293172653151 0.1823168157781585
-0.4394537550922011 0.17252939767356432
-0.44115168230663004 0.16405135583934086
-0.44285915159729194 0.15504015792269205
-0.4381055625019009 0.13557310243323398
-0.4395075513696647 0.12660201891482536
-0.4348511462296527 0.11692973804398511
-0.4360553251685101 0.1079837638600207
-0.4371842743485602 0.09885085120258003
-0.4332109095485639 0.08946273083946606
-0.4342052142287489 0.07965965449063349
-0.4319354635392725 0.0714729634595899
-0.43265281252419263 0.06256431727072216
-0.4302910954034652 0.05329818846559214
-0.43080596152521633 0.044558436846019414
-0.43124224084309826 0.035501225868195374
-0.42856957066710255 0.026710794906426815
-0.42880766764600786 0.017856372845136016
-0.42795337591102744 0.008786769459404844
