2.442970893848863 0.007005149794909846
2.442824613655873 0.017195075336517145
2.4406240217732083 0.025144661815916965
2.440299439772877 0.03431984145343361
2.428911682771359 0.04249025965035352
2.428415207873487 0.05126639604972629
2.427803289268719 0.06034661776678001
2.3882708650048747 0.06565092066731944
2.387528171942869 0.07402957784779785
2.3687656044560903 0.08079879581566775
2.36788427224209 0.0887848210182144
2.3668878677003726 0.09701545430484743
2.355911270450635 0.10376488426103957
2.3226012695554727 0.24498245903904822
2.3158467417639557 0.24310376859672286
2.3155494170659807 0.24397752301500017
2.3069206074063944 0.24139646812696908
2.3068747889741 0.24153060409153465
2.303942655998595 0.2408334218202354
2.3038700398658936 0.24104557033719862
2.3028751875610025 0.2408640087499279
2.3027436167180304 0.24124760965046255
2.305501427715773 0.24245357388788114
2.3054612513566592 0.24257044921897694
2.312015529000276 0.2450365002656885
2.3119810477832523 0.24513667126209865
2.311926548739913 0.24529490251384417
2.315656683704289 0.24674786943230057
2.313767033277579 0.2521618968165569
2.319450115860179 0.2629591808413899
2.3165467611722868 0.27077063920134736
2.313149751790817 0.279595120702591
2.3292152619698046 0.29332763543571744
2.326042584020046 0.30109494547317556
2.358603023123544 0.32426293853571975
2.3551435921837562 0.33223960508014855
2.351178425811767 0.341109912777327
2.3886004910848246 0.36743606989621136
2.3843841322502115 0.3763529368479577
2.4020941722125735 0.3948176020678751
2.3979025961577873 0.40322133753642503
2.3931448275276894 0.41250125159333983
2.3988262635422704 0.4253252880738407
2.393895098313111 0.4344600935349711
2.38601657789921 0.4404304022971343
2.3812358655876813 0.4488557923425593
2.3761293979809586 0.45762884261125303
2.364626607748012 0.4612972476871808
2.359275259049613 0.4700532746350603
2.339370596097946 0.46792747474984653
2.3343671593495774 0.47574139537025006
2.3287745106488154 0.48426512638076663
2.320610234314702 0.4892462469972663
2.3150799469773427 0.49729434888291313
2.299072324494352 0.5008970803728676
2.2957273328831356 0.5055328656767217
2.2871148126091563 0.522151543417315
2.287029697305862 0.5222635302410228
2.281328778323008 0.5296792386236009
2.265603026302515 0.5286516919266729
2.260038251710167 0.5355833327124604
2.2864952144448063 0.5820002753817042
2.2864073915989556 0.5821038504926059
2.2802281335908203 0.5893128933525463
2.429936748282824 0.7355854769159955
2.422567239440906 0.7438172736624009
2.4943157041051602 0.8444521427475284
2.485378815913951 0.8538175169969342
2.5089763997515493 0.8969341696550042
2.5000546296423525 0.905886672635914
2.4899098242064865 0.9352761649805796
2.489772271218736 0.9354070265773357
2.4801263651882257 0.9444885289406967
2.4709332364080354 0.9570325478894776
2.461686370651339 0.9653665617959443
2.4218458728140124 0.9616622906917862
2.41170341805269 0.9702384042706099
2.3859269603604663 0.9604164789186818
2.375638593624774 0.968744430734847
2.34539238987737 0.9733787470008286
2.3452561822476756 0.9734830367405585
2.335205648838245 0.981095639535889
2.311021000752735 0.9703907133153012
2.3006540645541866 0.977902286439549
2.2952264483234655 0.9927759996854978
2.2847338307736837 1.0000417896238118
2.2734641826351325 1.0076656165155151
2.266396625639257 1.0195290762585498
2.241075837015268 1.0356378571658984
2.2491832303889536 1.0658635622732222
2.23768103253245 1.072784647889943
2.2259907245354924 1.0796479114950066
2.2362823929638487 1.1244592995765559
2.2239057295670897 1.131373342718202
2.2362440665417065 1.182726717289532
2.2234601470183892 1.1895152143120356
2.235189194855881 1.2442442231082844
2.2220332594554204 1.2508731446998396
2.208157361504093 1.2576778695867954
2.215551884605746 1.3084387174638001
2.2019955636383637 1.3147309007396641
2.2168598749093995 1.387014021099556
2.202345229961398 1.39337870801256
2.1866831810586103 1.4000453010752723
2.215900409444059 1.5145598983356983
2.200310403312647 1.5208065030353493
2.2520549365216693 1.7056085013149185
2.2340650320152267 1.712377743132493
2.215173910228553 1.7192547979209225
2.2457761072342874 1.8685561857555502
2.2263348950386392 1.8751622861120414
2.243855446601854 1.9999127890688448
2.222725095982833 2.0065927476279715
2.201534954269799 2.0130466211172635
2.1960810234921784 2.0771635499961283
2.171727184365227 2.083998326932584
2.150299877155242 2.0969964342370555
2.1310733703658777 2.1019479240191057
2.085711456104091 2.112891000834933
2.081454199392985 2.10771104610828
2.0625455958077845 2.1119411856864816
2.0361320189072387 2.10121509181804
2.0141078659358382 2.1056663257434844
1.9915973483937173 2.1099686056268725
1.9664210468888315 2.105351423491312
1.9217951065678174 2.112632696279457
1.900137302933332 2.1178381900862737
1.8773738322407258 2.1209395930078
1.851086709888911 2.1080997282190332
1.830313679619058 2.1104702340901023
1.8061109336269265 2.099909113042618
1.7816418772433114 2.102167031525213
1.7612555854535066 2.1038290415715926
1.7369716529707828 2.087511141594806
1.7148505046491165 2.088844982659518
1.6927945040418333 2.0899409513236566
1.6686644026927688 2.0328406725080166
1.646907771122936 2.0334590384387576
1.6240949161312423 1.9658523431368462
1.6035411964269009 1.9659968107623842
1.5828208222771323 1.9019224158342438
1.562624626148958 1.9016327409438172
1.5422414916722988 1.9011228142115801
1.5238694080187156 1.842427782292858
1.5035080925303117 1.8414736793646718
1.4863180008331 1.7743619706997265
1.4697554910834763 1.7732231579519522
1.4510488768812073 1.7717498590155583
1.4391222438810694 1.6923706294976104
1.4211747488119404 1.6905684042763627
1.4115960506402643 1.6180682778750883
1.3945550344397022 1.6159929969297293
1.3769659658583413 1.6136594497025998
1.3711442042316946 1.533011749708154
1.3553403759096985 1.5305690668310241
1.354109084608638 1.4371157426345305
1.3390977215935442 1.434466451724236
1.3237056621369072 1.4315814468149533
1.3167435341516425 1.3853381444813746
1.3020146580774394 1.3822448176785813
1.288784574109141 1.3731747735403426
1.258988622124033 1.3660802466030808
1.2403556749030429 1.3757688611920078
1.2266696041681489 1.372118222147069
1.211533208354628 1.367909920933667
1.19573955272047 1.3706255837264072
1.1808318385110472 1.366140202319649
1.166735879087633 1.3596364225520123
1.1524912591470906 1.3550147330786644
1.138042645665693 1.3501571770636365
1.1236998852872784 1.3451643768419712
1.1093458400093512 1.3399953340530222
1.1029159736099496 1.3130588222573487
1.088516932989128 1.3075171402934462
1.0749538369225426 1.3021299960593948
1.0720464633583595 1.270685273050563
1.05782384329627 1.2646821794830398
1.0447053986834254 1.2589773253512813
1.0316123174761316 1.2531206814808964
1.0180936028698309 1.2469005353190707
0.9943926402930678 1.2622360024451837
0.9807346414672772 1.2555916596255878
0.9454247566196279 1.2927228050721187
0.9318711062205437 1.2857701121495397
0.9181276568098141 1.2785347502482385
0.9041816749776386 1.2709987641862897
0.8909474083943556 1.263663492523749
0.7553695734885167 1.4672588192309597
0.7396229254834531 1.4580810298630007
0.7245073924265307 1.4490554489336174
0.6118438566425203 1.5958309548147236
0.594863004152838 1.5851904048344923
0.45566315836632776 1.7632065088581856
0.4371347977518625 1.7510421243934704
0.4186524238798568 1.7386264418773405
0.3215975712559018 1.838153483847633
0.28271362819239076 1.81049098717722
0.21053195497197397 1.8678764819564473
0.19055295605685063 1.8528472765772999
0.17060068853122123 1.8374987369716966
0.11978010535410366 1.8611375724256636
0.09977172370785725 1.845047186121132
0.09103634634606039 1.815860592653344
0.07237585607931818 1.8001903996273851
0.10665157770515044 1.7215549627094349
0.08863180690724781 1.705757070894783
0.06971072970537184 1.6888030522299315
0.13006370715293336 1.588138311033086
0.11360766839100189 1.5727472258865904
0.23621047435610953 1.411894872058119
0.22146048581420152 1.3974969795417744
0.20599726052158096 1.3820728498623591
0.25506447880060756 1.3064353959596002
0.23752788732961427 1.2881361504885636
0.21949722096900448 1.2835252537787083
0.20642292555156838 1.269317902486115
0.19219376403170974 1.2535176911271713
0.10251801366096891 1.3060308957257136
0.08709262317682631 1.2881305326534358
0.01790107373673444 1.320864863457508
0.0036945625340065735 1.303660212753501
-0.009809692735737618 1.2869474554829616
-0.062397621376083956 1.2994360886335032
-0.07717524795782182 1.2803058961192118
-0.1303699989356999 1.2945040234712544
-0.14375475875332966 1.2764169935115708
-0.15750571339523134 1.25741586890858
-0.25601428758019207 1.2982434148872821
-0.2698417644980735 1.2782475408694243
-0.4173119309196678 1.3475639403639301
-0.4313362065389046 1.3263292260989101
-0.4456272379944659 1.30417989678385
-0.6358089778384102 1.3925208129924533
-0.6528224542183891 1.3648248934458342
-0.7876046027206098 1.4161639245042774
-0.8021889166193783 1.3912815706646218
-0.817780931679648 1.3640056328352501
-0.860286269750179 1.3555340168652172
-0.8757352229566959 1.3271081741182822
-0.8668121834178746 1.2905400620442349
-0.8803149365277054 1.2643946439453
-0.8973036782740098 1.239523432000823
-0.9232588601864826 1.18579455408195
-0.9713606357638245 1.1747482627543056
-0.9835608408766094 1.147668236682076
-1.084736020250781 1.1584336414175815
-1.0975117858301608 1.128364376124741
-1.108851142263306 1.100863973912663
-1.2462196746883496 1.120943604030526
-1.258040417913564 1.0904521858258902
-1.3811415568500816 1.10112624981038
-1.403940541220908 1.0373163571492732
-1.4052367093401168 1.0335551851907017
-1.5415939063091835 1.0101424294825962
-1.5523333188138624 0.9761120054051067
-1.6831806233983317 0.9788774152782067
-1.6939963750592004 0.9418406877475874
-1.7033865084992645 0.9083576253134216
-1.6702820522796085 0.8620784758581286
-1.6795582974651881 0.8260879938161773
-1.5664974304099837 0.7624585386806108
-1.5748230969495642 0.7270125879760113
-1.5824537658941926 0.6928470451303604
-1.4972247906488332 0.6416912000255962
-1.5041105451869474 0.6075086199052568
-1.4497071688744128 0.5616824584371602
-1.4554849292123122 0.5293513458530467
-1.4607122694652466 0.49823829995786195
-1.4866152426131158 0.4687113654141257
-1.4913942130840607 0.4360800606659061
-1.4711669609288247 0.3991772765316255
-1.4753016783205468 0.3659625490659218
-1.4790176112961233 0.3332559816842224
-1.4494800284574203 0.29793884614016214
-1.4525050637076897 0.2651581340236653
-1.4578422656259633 0.2235099070544176
-1.459515841915131 0.19929579290678706
-1.4614840422056727 0.1663474055103162
-1.4490536869363622 0.13407316726240898
-1.4503239579697 0.10113234614140255
-1.4592305849981182 0.06861652725161066
-1.4597934564015613 0.03555283620451743
-1.459998231504534 0.0032898615662688593
-1.4938604607317982 -0.02938451157366469
-1.493367427110718 -0.06256165671090866
-1.5724700568897272 -0.09853800352194807
-1.5712301851267427 -0.13257116180000666
-1.5696438052898576 -0.16623521765146718
-1.5806883068045887 -0.20047666935720457
-1.5783466817473362 -0.23469420663002474
-1.6581467510396828 -0.2781721565677605
-1.6549861030237376 -0.31299435956953225
-1.651670534264729 -0.3457437441148183
-1.7203977788987985 -0.3880819370750535
-1.7160409117550506 -0.42369997824726646
-1.7588142467283658 -0.46609854749243834
-1.7537164240273602 -0.5014650009812608
-1.82593638927968 -0.551234847056415
-1.820052940020977 -0.5866326682463838
-1.8136307586996239 -0.6229165620368667
-1.8410264751861636 -0.6666046782523246
-1.8337159059308341 -0.7032923128810595
-1.846484408539399 -0.7445946693972677
-1.8383416498256349 -0.7813339229000167
-1.829812894187247 -0.8179605802646597
-1.8078195844729286 -0.8531908811530722
-1.79905471730779 -0.887466071885375
-1.664817585466266 -0.8901809555535443
-1.6550882970735565 -0.9251249527792287
-1.6451948557479494 -0.9592530157508199
-1.283461706534585 -0.8876584855385872
-1.2640721483825885 -0.948356330109702
-0.9496938398034867 -0.8447824117890661
-0.940708552479149 -0.8714333315631825
-0.9311815040371836 -0.8987303230780974
-0.5486755600837867 -0.7891225110834343
-0.5401414340694912 -0.8119825380997926
-0.247984409936298 -0.7463260819724795
-0.23979206509107742 -0.7662989998870603
-0.14578574457462312 -0.7523517355865068
-0.13060364262472302 -0.7866460653521633
-0.026736563250558287 -0.7396601610089341
-0.018918395528634502 -0.7566189454533843
-0.010815782030699772 -0.7737192749058437
0.07663740993469248 -0.7523080613615132
0.09292043483787715 -0.7844183732363406
0.17205368350538364 -0.7629746504369963
0.1801199951777448 -0.7778828780131058
0.18878847681748723 -0.7935004958012892
0.26130280123736127 -0.7713072085914042
0.26954433746414974 -0.7854379224523673
0.3218214830816648 -0.773495752340273
0.3300819967378086 -0.7869842850975922
0.33922415906741343 -0.80154867532841
0.4049142034673896 -0.7798069882515906
0.41239262916123387 -0.7911496272699831
0.5104188227864181 -0.7415772773365331
0.5183320026199936 -0.7530726017084451
0.6138892235355785 -0.7029271203622292
0.6212821041685982 -0.7131846046987788
0.6288304453592364 -0.7234298142452111
0.721825689055156 -0.669048488225292
0.7288912034601817 -0.6782222825821556
0.7793386499316114 -0.6533880535362805
0.7863037331263838 -0.6620418304578198
0.7934733133665566 -0.6707575595907056
0.8494859768201211 -0.6379292288415322
0.8562130599344976 -0.6457600078883768
0.908275674820247 -0.6141192538543432
0.9147253622091981 -0.6213080321392002
0.9214254882852071 -0.6286188289027226
0.9333038750393968 -0.6310628153856919
0.940082543049845 -0.6381480627663458
0.9502179811257492 -0.6427902674649817
0.956710250700587 -0.6492875314113913
0.9636162807778771 -0.6560577428161475
0.9654549005372649 -0.6689069567195631
0.9723564431225035 -0.6753869746376255
0.9682153783733208 -0.6946720030892519
0.9755777343016212 -0.7012972508858873
0.9918887175464979 -0.7154870146639677
0.9743509900581759 -0.7503947736750405
0.9409814351143067 -0.8097101525459596
0.9576505320414757 -0.8229964526128899
0.9667161021576113 -0.829992472696922
0.9357197596861023 -0.8892872215029913
0.9450222340860104 -0.8961607702629698
0.9060388177745261 -0.9716243500263991
0.9160868565648919 -0.9787230518572192
0.9270432210304647 -0.9862885853739501
0.9102227229394613 -1.0340485037226004
0.9217647982252721 -1.0416554185879294
0.9180546101612471 -1.072563044896509
0.9288039213849946 -1.079322391156525
0.9404121448676819 -1.0864551814787151
0.9442593036178121 -1.1062550063652608
0.9565640049337804 -1.1169203732823318
0.9666103952702781 -1.1226480341675775
0.978637405984613 -1.129349160693215
0.9882633636384969 -1.141404086085692
1.0004612385117926 -1.1478581242789485
1.0163484580462385 -1.1481702302250292
1.028431644799397 -1.1542329120819927
1.0403174530751946 -1.1600428641510463
1.0511982467343555 -1.1696497918661615
1.0637267970332913 -1.1754467456162476
1.0928275990586318 -1.143580847917351
1.1054165552857742 -1.1490814663088993
1.117315692092838 -1.1541303474478886
1.1404832949289792 -1.1333902230744153
1.1524119121736227 -1.1381537258366847
1.1601771047092595 -1.1593773418426245
1.1833071647847886 -1.1678900124071223
1.1970822691869176 -1.1727136488488723
1.2060380384568563 -1.1841866292342091
1.218659007887729 -1.188311006317298
1.2166918041684327 -1.2411590659574416
1.229626186475521 -1.2450800127924848
1.2432282423518521 -1.2490456008267476
1.258809882777205 -1.2430246594132777
1.2724230547175386 -1.246681332546297
1.2790570541377857 -1.2762647160762863
1.2929402007891384 -1.2796758494668035
1.3064989299982468 -1.2828535075790322
1.3094894708646456 -1.3408906116687882
1.3228273283260625 -1.3437110217889603
1.3214057671833053 -1.4301168670571218
1.3357789793014763 -1.432842019282318
1.3512085796686844 -1.4356015565502591
1.3524314569640654 -1.5250360049844935
1.3687862987305814 -1.5276011339172593
1.3764435175647425 -1.5933937050086442
1.3932524679311562 -1.595661761772664
1.4108035697318437 -1.5978378236772925
1.42303445467135 -1.6404826106260721
1.4405372735025357 -1.642276358856205
1.4600089168588715 -1.6249810757793377
1.4771279591525857 -1.626365107095572
1.4950757676991875 -1.6276215486027719
1.5136301690850877 -1.5996700448241599
1.530842354156884 -1.6005065510710785
1.5488422074305872 -1.6011829627682856
1.5660683195501117 -1.550628788931073
1.5827382873298947 -1.5509039406990024
1.5996595093854638 -1.53399996221191
1.615442921520936 -1.5339222653625244
1.6321872697543476 -1.5336622769259733
1.6490739242513497 -1.5572269423428857
1.6659740720014746 -1.556602525317091
1.6849889462142646 -1.5967397655915596
1.7017153631353483 -1.59576156893887
1.7190690925211607 -1.594560613838868
1.7420410517009908 -1.6679629311323667
1.760064878415148 -1.66632986971306
1.7815959966771444 -1.678203472166243
1.7983267101742104 -1.6763085980903023
1.8154850990611928 -1.6741894074693542
1.8320381354676372 -1.6649081967750363
1.8501177341976405 -1.662288217800944
1.8525180885172605 -1.5536121185712954
1.8670742585107623 -1.551176115223841
1.8839379079413283 -1.5481780467484683
1.8635329542128454 -1.3566408448973701
1.8785362799749055 -1.353640107538832
1.839318412501192 -1.1053902919050398
1.8511160919863239 -1.102770016071128
1.8631641960728371 -1.0999570927565028
1.7978401175620988 -0.7895918489213366
1.8062042744020383 -0.7874489172119857
1.7584437299368954 -0.5797383758590458
1.7647451821571754 -0.5779792599704587
1.7708196814468555 -0.5762131866161992
1.7522831873043554 -0.49406358989954585
1.7575170264314062 -0.492419928906424
1.7565679383444732 -0.4706405004699035
1.7610995109142897 -0.4691086735322389
1.756943814053987 -0.4408998063394762
1.7614874500471658 -0.439255965784489
1.766185327111639 -0.4375002137745736
1.7690747915474894 -0.43102519052043015
1.7735615080784322 -0.4292381657233434
1.7758992846836241 -0.4217919411840267
1.780337750112179 -0.4199134385614222
1.7849038556705903 -0.4179229165266599
1.7889494129427586 -0.41501098702153294
1.7933380079743975 -0.41298476324495537
1.8003427054702517 -0.41630133360927407
1.8048587013038813 -0.4140977088805095
1.8093064797069818 -0.411867451436346
1.8193405290094327 -0.42019725407701347
1.8235556242248676 -0.41796995451518976
1.8349699636159384 -0.42770681102634384
1.839321638111156 -0.42528714244824395
1.8438737027606606 -0.42269328963422753
1.856843194365164 -0.4336445243610239
1.8611123717753868 -0.43108738012824294
1.871270846368058 -0.4365869076263711
1.8756315146130675 -0.43384705617545266
1.8802818960110979 -0.43085735315580276
1.8924805184787241 -0.4383881229121254
1.8967182068353412 -0.43553106173087097
1.9014917457674922 -0.4322403581736323
1.905957796345803 -0.4290906977029683
1.9111268783736601 -0.4253575737581991
1.91240207789112 -0.41694836818161407
1.9162552894337281 -0.41403332221596484
1.9173955878351028 -0.40683662669775644
1.921630569359472 -0.40349693537064446
1.9259949776139669 -0.3999790926666908
1.9272979579903624 -0.3845790512954899
1.927564686504658 -0.3843518910518135
1.9209626822359271 -0.3689226973390486
1.924794711406427 -0.36555354661446776
1.9286811754308313 -0.3620630952160234
1.9201423528128732 -0.337244531364762
1.924190800868506 -0.3333546529332337
1.9122383122464175 -0.31566316916217624
1.915549794976985 -0.3123528883970543
1.9136043769150775 -0.3028998098046714
1.916345636021291 -0.30003572882289353
1.919770936059136 -0.2963824361392964
1.930864714079103 -0.3005620418105943
1.9340613721353188 -0.2970050498679576
1.950993178737644 -0.30500621055913657
1.9540009957786542 -0.30151002468860194
1.9572960285519723 -0.29759796367076896
1.9767078739406518 -0.30706217238714706
1.9798965643537667 -0.30310823214192734
2.0053403194954345 -0.31606205939868726
2.008756810092817 -0.31163098402236067
2.01211797419983 -0.3071722242349205
2.052321787020018 -0.3301590540739681
2.0557803377734998 -0.32536792051318575
2.09894497194052 -0.3474448373127363
2.1023809117399295 -0.34245790912075186
2.105950852865284 -0.3371612885324941
2.166403820071629 -0.3690023206001092
2.1704411870443345 -0.362729723242321
2.222232430683104 -0.385552593307575
2.2258858699101776 -0.37959304241092295
2.2299471803670756 -0.372814363923349
2.233868930037637 -0.36610678706211053
2.237799204069723 -0.3592160565565348
2.370514775750243 -0.42302243480760326
2.3750189949357647 -0.4147126203634961
2.379313216888097 -0.40658567360831366
2.462374466721055 -0.4374920332389784
2.466652553162989 -0.42895495345790446
2.5101453930384663 -0.4378759682043031
2.5145646962632666 -0.42856903335271285
2.519120229813069 -0.41870992721497635
2.5664760898133823 -0.4279871117440748
2.570994957552766 -0.4176335623571241
2.5756154008867735 -0.4067229887190304
2.620463003188772 -0.4133476250360621
2.624870015503998 -0.4022964719219335
2.687236262751938 -0.4128998776425095
2.691394240143757 -0.4017805527660986
2.6957873644302914 -0.38963964371572346
2.728149249484827 -0.387979729994779
2.732243140913304 -0.37586496226008614
2.77917777772098 -0.3770726303101446
2.783030786223767 -0.3648042747101176
2.799312247980837 -0.3558807831889073
2.8030414626341686 -0.3430630250887427
2.806667054113433 -0.3300842627530264
2.7859090703546485 -0.3109592848759677
2.7891378819818815 -0.2983740900876712
2.792363456778724 -0.2852111269545621
2.7679453700126335 -0.26666010700150217
2.770765867173255 -0.2539907168816557
2.758733163400331 -0.23838300282583552
2.7611732170368875 -0.22619849698043187
2.7448857881374495 -0.2100774431510719
2.747209356147731 -0.1969941450071764
2.7492238970019285 -0.18487951362901447
2.732470767007813 -0.1689229465547391
2.733991896598499 -0.15838995690680316
2.7139160734959678 -0.14254817153273466
2.7152494990417817 -0.13171011687435052
2.7166041691325655 -0.11968345531347764
2.717842912915984 -0.10749986996972753
2.718903037842866 -0.09583836343556187
2.6899537186108105 -0.0815468655833334
2.6907546924468693 -0.07002285987544325
2.6914396507081397 -0.05838226496200287
2.6150838626851813 -0.04313643142556628
2.6154788841424987 -0.032536684845045086
2.5397940909617693 -0.01967400806500376
2.539948852390581 -0.00980585996379859
-1.5288919654247826 -0.026001321124879198
-1.5283490108294497 -0.06382371379355012
-1.5186051699553027 -0.093283406499001
-1.5174010131883193 -0.12732212287124048
-1.5258958639450029 -0.1602343526573571
-1.5240236152337516 -0.19332990317547333
-1.5217160185675778 -0.22757218507231416
-1.5829799530032487 -0.2650936038071024
-1.5799810128767673 -0.2989260071376309
-1.6441311794770592 -0.3409646467667638
-1.6404120259426862 -0.37466505324891947
-1.6362072761172253 -0.4093976868595247
-1.7069879695468146 -0.45395436915249054
-1.561262172707953 -1.0717581235548401
-1.5976381573239116 -1.0859278128983236
-1.5963100283489644 -1.089830813785259
-1.63366494713206 -1.1042191855285854
-1.6334553600060233 -1.1048327632942088
-1.6689810167676704 -1.1183863876195062
-1.6686438007213198 -1.1193715665524488
-1.6684169219693996 -1.120033849570661
-1.669696746963972 -1.1224670074853953
-1.6560876885059064 -1.1189914944986248
-1.6559022632988984 -1.1195309070521953
-1.6064338098803943 -1.1034777853930264
-1.6062785299243139 -1.1039288874499025
-1.606033103289568 -1.104641453418919
-1.3439298719354755 -1.015023600280296
-1.3361565939582296 -1.0372947776575414
-1.0674129621970088 -0.9749400438505831
-1.0566485662262313 -1.0039015865950738
-1.0440539100338375 -1.03661898537253
-0.679493509745305 -0.9169287535185212
-0.6695758637878533 -0.941209008940957
-0.3346675886690136 -0.8269687547626116
-0.3258449914601489 -0.8473116716225848
-0.3157326156460092 -0.8699336442224197
-0.20743606807257486 -0.8421465785897074
-0.19777236747922022 -0.8625836276722159
-0.05981456218485515 -0.8170162906326274
-0.05114071911846252 -0.8344065709646385
-0.04129522474969316 -0.8536099725365528
0.09679433501382784 -0.8003634978892277
0.10607364372681971 -0.8175530820884592
0.19982618476333913 -0.7845624813395123
0.20834232600640634 -0.7995710840286434
0.2174387527642192 -0.8151989926648844
0.29422667769796407 -0.7877696559047594
0.30336531909220676 -0.8027225574674879
0.3527874287536368 -0.7893268031208841
0.36122751177145584 -0.8025077709331299
0.37066151117982726 -0.8168860874720135
0.45993007705435196 -0.7740313758464213
0.46867948687166683 -0.7867641937550566
0.5700876335647163 -0.7379495358516552
0.5750156619035665 -0.7447792335027981
0.666861459585248 -0.7091096279085667
0.6669770507039741 -0.7092617119843317
0.6747192025555443 -0.719332639243175
0.7597740620910609 -0.6673450181615529
0.7667987716646951 -0.6760951952946708
0.860873485781092 -0.6266202964943015
0.8609680417117913 -0.6267318123637058
0.8676210428338837 -0.6344935485095745
0.9092591355590203 -0.6122140623926635
0.9153926402128437 -0.6190652331743877
0.9667081477434192 -0.5979819644984529
0.9730366271048366 -0.6046138677270976
0.9871349411228788 -0.604745747903648
0.99315032410175 -0.6107818521061253
1.002361101791616 -0.6281056816716983
1.0024534785850938 -0.6281935647115027
1.008931403084282 -0.63429245127156
1.0151151604029498 -0.6427057837063027
1.0213249952890155 -0.648302582844417
1.0308798540829445 -0.6659416337122566
1.0379034037832757 -0.671880507621387
1.02369578249152 -0.7042538241869464
1.0312400320720838 -0.7103605414735785
0.9968766307028134 -0.7875952014884355
0.9969868411177045 -0.7876795860086735
1.0051190834848787 -0.793839212414031
0.955175468145275 -0.8800467732560211
0.9645772365514405 -0.8868590145515779
0.9368962258564963 -0.9469051614162006
0.9469040359947378 -0.9538352382880583
0.957652974318306 -0.9611068091517617
0.944545847688153 -1.0027880405235983
0.9694508598158533 -1.018632309429184
0.9705835666901972 -1.0334093832937488
0.9817355373683785 -1.0401197307266274
0.993069890474403 -1.046774016753973
1.0001610258281988 -1.060055283966134
1.0118288091232857 -1.0665733215408433
1.0206057383614993 -1.0770474871519717
1.0322473865945723 -1.083229417054073
1.0439252789486457 -1.089270354231519
1.0532162901852145 -1.0995506239738033
1.0654135719921078 -1.1055321573747923
1.076823467371741 -1.1120824230726212
1.0883454026891084 -1.1174303437130342
1.1005791921846828 -1.1229514044343576
1.1051880752556893 -1.1446266461736905
1.118054066679785 -1.1501030898819926
1.1313883123251325 -1.152362393596091
1.143250066225729 -1.1571151619424918
1.1511319522411076 -1.174123705450631
1.163516021225005 -1.178783583306431
1.176520479103345 -1.183517678524972
1.1884279741450672 -1.1908855812099106
1.2008184280482115 -1.1950958424386302
1.2163222183981337 -1.1917614526007587
1.228913936139692 -1.1957420847359448
1.2415412837954365 -1.1995879912607395
1.2615495530657548 -1.1793982766521283
1.2753774848606505 -1.1832790130246555
1.2938830019145655 -1.1665026290082512
1.3045781897318969 -1.1692570093943917
1.3298118007096247 -1.1753443482504284
1.3305459846135472 -1.179616265398251
1.3411285055839879 -1.1819837348199087
1.3435234818914563 -1.2356633018985868
1.3564752437972845 -1.238280942725199
1.3697130225196308 -1.2408109880247498
1.3681791036997188 -1.3319771289472406
1.3964122676276611 -1.3365837180017903
1.3982246649751613 -1.4237734068929697
1.413528017408993 -1.4258584080155292
1.4202299580635207 -1.5093318826627087
1.4351027823735425 -1.5110290889387445
1.4515219814630678 -1.5127307354619812
1.4636394627708977 -1.5781197051829088
1.4789436742377458 -1.5793673942414233
1.4967474680999404 -1.5736161903895838
1.513422922642612 -1.574621671918767
1.5300492672686565 -1.5754478395016283
1.5481472357246355 -1.5351245196520715
1.5645770223968396 -1.5355914862546374
1.58168982466934 -1.4938877928008383
1.5973089789105854 -1.4939975764389635
1.6134940544258485 -1.4939390584944061
1.629200738981414 -1.4857130667941705
1.645125732584104 -1.485314669778343
1.66188707016266 -1.4977219336534677
1.6784389204430932 -1.4969463369672684
1.6958432602650073 -1.4959328425640552
1.7128102045733662 -1.5358625777536594
1.7290127838036782 -1.5345864920607197
1.7514143587001696 -1.5928194159977511
1.7683061187652327 -1.591123204024812
1.7850499195675724 -1.589262888029553
1.8087240135066245 -1.641785395898528
1.8265938161476025 -1.6394146035959503
1.8498219396386915 -1.6734554067781915
1.8670736025553498 -1.6707889426310274
1.885354889466519 -1.6677639482425415
1.9033123195466009 -1.6676410395559533
1.9212063804375465 -1.6642870729433101
1.934338784654108 -1.6351692808623866
1.9517238583230228 -1.631518105166586
1.9609480046021124 -1.5926096627779682
1.9955053835734762 -1.5843814223741697
1.981647880851835 -1.459940373796582
1.9961712850283146 -1.4560663834176701
2.012233747252367 -1.451600612298807
1.965503497470365 -1.2392220113187673
1.9789819906534118 -1.2351666489831958
1.9048333408521483 -0.95660474298684
1.9148554841039394 -0.9533530427547152
1.9250211518932336 -0.9499353929725934
1.8630164613830587 -0.7428097610031348
1.8709428718098327 -0.7399553771785435
1.8230505246622026 -0.589193061269323
1.8295116326330838 -0.5867064091060334
1.8355976372783465 -0.5842891007958824
1.8075747553220405 -0.49959355575607167
1.8131666430063358 -0.4972333278345384
1.7973394331713703 -0.4474127268145177
1.8019924249666948 -0.44533140497395224
1.806796677468498 -0.44312090244987323
1.806339078985862 -0.4300618379759662
1.8109925543000776 -0.42779801545814683
1.815481291299129 -0.4255547122287097
1.8199430519895108 -0.4232659375399105
1.8244672930998744 -0.42088411033016565
1.8410633534584029 -0.44033221505970827
1.8456483098592362 -0.437790940819132
1.8604235573768428 -0.45239758041261713
1.8652786963364663 -0.44956780719934225
1.8699392446269054 -0.44678496417208996
1.8816534558850568 -0.45485858328496387
1.8864934964188769 -0.45182571475037475
1.8961556811839764 -0.45631985766834104
1.9009508420661212 -0.4531717010799467
1.9057341015268114 -0.44995850826892186
1.911749766009057 -0.44825002330540753
1.921231960253218 -0.4415042782486656
1.9169276339819084 -0.4260491460132618
1.9214846994561052 -0.42262109272446136
1.9260356676932653 -0.41912020160308033
1.916211819377677 -0.39758531824736615
1.9204861078033675 -0.39414801116464904
1.9125299562205749 -0.3760931087706415
1.9163948353990738 -0.3728475668859768
1.9092849738144666 -0.3565484609034019
1.9130170193680471 -0.35327658510852894
1.9169357330316208 -0.3497652657536325
1.9090670116660886 -0.3339200238077883
1.9125270383004134 -0.33068391302144123
1.9084679314242934 -0.31934861089852495
1.9118041489039705 -0.3160920320512218
1.9153016894184507 -0.3126033343550113
1.9199153293092959 -0.3107574328522568
1.924086699867196 -0.3064046523295462
1.941280793118538 -0.31730650836120844
1.9445129531527687 -0.3137942400841008
1.9480306132420284 -0.3098881931380698
1.976819825450184 -0.32864390934215226
1.980701403327422 -0.324139540174493
1.983818274202636 -0.3204427131143884
1.987264783470644 -0.31626885316678804
1.9905409249722799 -0.31221432690028206
2.046720119109118 -0.34918495841478525
2.0506911685270546 -0.34404428582919105
2.0828380885507762 -0.36121514398573185
2.086572938236121 -0.3561681846772223
2.0904099700033894 -0.35086615870054316
2.129353302329715 -0.3702716317956662
2.1332970330533136 -0.36456861430536347
2.186234505893803 -0.39160452512636834
2.1903099858243724 -0.38543367864786965
2.194462985484789 -0.3789970433770051
2.2697241015620753 -0.41712183806038156
2.2748203934617726 -0.4088256799273969
2.3594578041074565 -0.4504584817497397
2.364096834789233 -0.4425438137236536
2.3690563986574675 -0.4338677859486766
2.4767342670060266 -0.48305074791102975
2.482239572153668 -0.47292106881181895
2.6056867198919855 -0.5261361244325452
2.6111916138501963 -0.5154769830739641
2.6166569852370873 -0.504612301047682
2.7331133762386934 -0.5325017151042326
2.7933587386353516 -0.5451962224031297
2.79902080765126 -0.5326284847990383
2.804642154093374 -0.5197896503214321
2.8297480200108094 -0.5144014067627487
2.83491743250239 -0.5018644586954784
2.870982698798394 -0.50055866724606
2.8762612654037034 -0.48694268906118543
2.881384319275397 -0.4732971860418444
2.8949649280908263 -0.4471753962537762
2.895523691565752 -0.4455539973918382
2.872821531131933 -0.4092607358237061
2.8771726203800405 -0.3954732579474631
2.8812645923769904 -0.3820079113330306
2.854718409063706 -0.3587571796586691
2.858295211205937 -0.3460031234775293
2.7845344512248733 -0.3122549180739812
2.7878944158470897 -0.29921874406410875
2.713183775811922 -0.26804268553555416
2.716110668101704 -0.25558164360839175
2.7187932336348943 -0.2435707297126998
2.7270647278017095 -0.2335082425638523
2.729570419699708 -0.22106937132815402
2.705408209550094 -0.2035895141191123
2.7075024380634116 -0.19187065873551323
2.7093971592644106 -0.18059330833687162
2.6944532586715955 -0.166195862111927
2.6961477879193003 -0.15462544111375945
2.686857923531803 -0.14126519053234213
2.6883211622342005 -0.12951080199426937
2.689636196958525 -0.11793624666642225
2.6878203887415015 -0.10628170980130518
2.6888994891098257 -0.09458806804434239
2.6751317554940606 -0.0785856750830602
2.675720181860571 -0.07007203677544581
2.6764121974878394 -0.058487443946549665
2.6459892562982867 -0.04599430082691387
2.64642502752106 -0.03469382909896844
2.5777540889307713 -0.02193038027845651
2.577933987045989 -0.011362965296738041
2.577999434774979 -0.0010514655594154611
2.5089590041387217 0.008633006147531389
2.5088141536016946 0.01838026695223477
2.4295999203586875 0.025767656875618848
2.4292756942833007 0.034667317042849415
2.42886085645576 0.043470457041814306
2.3784552492336304 0.0490655168178912
2.3778821499099223 0.05744006312250396
2.335324863078681 0.06278013808777003
2.334611542517284 0.07063909399459159
2.3338632581918564 0.07803023949747298
2.3121523205116477 0.08323504304002784
2.31121786830044 0.09087432976467
2.298308476538926 0.09690341373700082
2.2972486225123236 0.10425621518483853
2.296047594940108 0.11199439976218188
2.2849961940387837 0.11749559205511165
2.283709907001798 0.12476282726675017
2.2774060678683172 0.13122888102542243
2.275966897315913 0.13845126844163533
2.274439660207653 0.1457091100068393
2.274796489415581 0.15334176819251594
2.2731226666981215 0.1605299834211977
2.2683711055228715 0.1673351884755102
2.2666520638272325 0.17405753587504186
2.277275988474385 0.18466519822653335
2.275257678648238 0.19191421892760588
2.2732053158200536 0.19899397667171256
2.2747510655662637 0.20771855843229747
2.270213767569807 0.2219222966713455
2.2701726920704624 0.22204630778967965
2.278215946436169 0.23262014100178793
2.2756727991044903 0.2399067913801178
2.3049608325132915 0.25890389070496206
2.3021608636899034 0.2664040568427013
2.3380810789309048 0.29808106435027304
2.3348090736640734 0.30605820567491177
2.3741701118760687 0.33363099058360113
2.367437596387502 0.34883883908041774
2.3673972707443873 0.3489275409795925
2.3872636181949543 0.36793612960212163
2.38332339931991 0.3762518466106194
2.3728890833645058 0.381688963445335
2.3646277723188645 0.3979803635842991
2.360277779381321 0.40622862796583764
2.3533520223238527 0.41272476356594084
2.3487527476304995 0.42101107220093104
2.331301252916289 0.42134840391659933
2.3267990803755714 0.42906770650472353
2.315232423121639 0.4328262710551996
2.310610074114587 0.44037407117910743
2.30549437953122 0.4485238906121491
2.2892470991915475 0.44974152160550723
2.2849340337773687 0.45628321180322035
2.272101287613537 0.4574372735012152
2.267220092465816 0.46452809194913935
2.262021520450516 0.4719073070639904
2.246551871730076 0.4711376414195069
2.241565354015368 0.47790574021153526
2.245903569281896 0.49209001126715335
2.2407068322376205 0.498837403493397
2.3361700003949992 0.5861183587966058
2.32992200870169 0.5938811844240311
2.3234905739962537 0.6016995839607763
2.476234646352143 0.7447904702210777
2.468380691447033 0.7539330041336382
2.45998159346672 0.7634996128999941
2.488264098066132 0.8053495465242163
2.4795792859957158 0.8148259198425556
2.4976431486397668 0.8496662743101467
2.4885163145864846 0.8592058884305039
2.478698660096908 0.8692437314953146
2.473438270110035 0.8815818670476326
2.4640614831013723 0.8907742438017935
2.449271857632338 0.8952615884945128
2.440034868966194 0.9039344107405963
2.41344793135959 0.8944179464695484
2.4039686040781048 0.9029482175942893
2.382967561753231 0.9212181051424255
2.3550053047302058 0.9055429254481808
2.3297178745286025 0.8965756095240707
2.31126052199239 0.9112872597897509
2.3012224002929136 0.9190338107640247
2.291808970993572 0.9261405658175302
2.2821209886455605 0.9332989643459394
2.2637384171704276 0.9293090517002918
2.2541279814094586 0.9360985973374742
2.243648778545402 0.943334643632371
2.237058981549074 0.9550182480076791
2.2263990439560644 0.9620437816081598
2.227218065083794 0.9864879618284966
2.2173314051148245 0.9927048585853485
2.2066547621161914 0.9992652298572925
2.2220868192739274 1.049479866069687
2.20899295111 1.057131773005775
2.2294585598594048 1.1156804746071896
2.217506193121576 1.1223400115190134
2.231576743486743 1.1784225969857678
2.2189832618607985 1.185085955336644
2.228059811450244 1.235531008611716
2.2150572517919547 1.242054981479535
2.2022670885386497 1.2483069951190606
2.2188886644799104 1.3190245717871494
2.2047601058223636 1.3255618485780751
2.1906876004568936 1.331892322474485
2.2222816482655396 1.4457667689609979
2.2073102323308356 1.4521192381158878
2.262034696921618 1.632897443219231
2.2448489049469154 1.6397603147377253
2.2249741463728108 1.6474378034892778
2.2472180650197546 1.8139969063678372
2.2258222173758044 1.8214891029701032
2.241766560750971 1.9290476099624576
2.221206920644429 1.9357662466691234
2.2143553993235767 1.9892942073313258
2.1936245417690268 1.9955785886327586
2.1718235561381407 2.001934519569891
2.1579742180804136 2.032813019428386
2.135711559856809 2.0387930558631457
2.1140940196637903 2.0443510801586715
2.0897557131790268 2.0410635319383137
2.068129746150213 2.046131848334642
2.0419063223800915 2.039678357545744
2.021617613544831 2.0439685878087173
1.99905707885274 2.0484927258395427
1.9764741516610405 2.0415786081194867
1.9544893538831927 2.0455105225795043
1.929931152175398 2.0323942616589465
1.9081352821448114 2.035812773291674
1.8860800480635151 2.039028986086264
1.862899596403266 2.029039132745103
1.8405816633490666 2.031806207112331
1.8193300243618729 2.0332042052911015
1.797637136780191 2.035427365976327
1.7755253004436593 2.037453280177036
1.7527801954865445 2.0222369326730965
1.7304637296787546 2.0237992032902645
1.7073422804941267 1.9881042816759689
1.685950607286919 1.9891439096020707
1.663580003124656 1.9899845685840554
1.6427701065632059 1.9545320969440672
1.6217579937266642 1.954878919449742
1.6004230606983747 1.905999953048175
1.5808121196747695 1.905903414459564
1.5600072124173494 1.9055803779797293
1.5416971541789168 1.8500815598695002
1.521618737307618 1.8493397139678658
1.5060816335455878 1.7645022925580274
1.4875978444902065 1.7634213210225036
1.4684208339681737 1.762094186775034
1.4589771637233895 1.6560062076117046
1.441082540068115 1.6543848527258695
1.4302378656655608 1.5688418714919028
1.41459742378264 1.567070478546503
1.398557176351563 1.5650893868404272
1.3928083037852927 1.486631292896686
1.3766646525695074 1.484291858964436
1.3742738560712917 1.388775254656806
1.3612620827670636 1.3865977090978046
1.3461876515416453 1.3839177330210257
1.3385646308062151 1.345842690560271
1.3236807237007284 1.3428658375077709
1.3071470531373555 1.3526615066282714
1.2927102817780078 1.3494550859791696
1.2779670668746188 1.3460129234084877
1.2580331137470862 1.3648104808750872
1.2435756583738726 1.3611064207828798
1.2164132661261522 1.403526350873397
1.2011576704847104 1.39926759277374
1.186451519958111 1.3949919908927948
1.156994364205512 1.437275897889588
1.1417686503813629 1.4324943386368696
1.1252456063103062 1.4271034530377715
1.111504708840543 1.422458558452596
1.095633554835051 1.4169087793473765
1.0979396585072094 1.365635534650495
1.0833340791721473 1.3601769466709495
1.0876632126541517 1.306108730669899
1.0740673956068263 1.3006936209716005
1.0599853470216087 1.2949104890179195
1.0578029132294664 1.2624968590446264
1.044074622119495 1.2565122260560848
1.0273506827041832 1.2577745264556104
1.0140501600425065 1.2516336465011586
1.0007064524677753 1.245299660277092
0.9707911317095091 1.2718715344187084
0.957130098042842 1.2650214579830628
0.9234686636882059 1.296051446119396
0.9104676738043108 1.289181589664994
0.8031244061795522 1.4505220742799154
0.7883661658320447 1.442316026130828
0.7729283236293163 1.4335192507062424
0.6006557457339559 1.687255778317397
0.584044918548545 1.677306254824374
0.5650542223195301 1.665655497772984
0.4787052586460636 1.7649303394219302
0.45978707284201126 1.7527679483439362
0.37513376796481257 1.8359062376984074
0.35738694025503315 1.8239412774953174
0.2841916218876077 1.8864379958242028
0.2647003195534219 1.8726918495575469
0.2421407585210289 1.85639927826159
0.21607678354567184 1.8470572625012756
0.19900727828590403 1.8341437767263855
0.20678099525870652 1.785823564865152
0.18819139612557478 1.7711638732839337
0.16903367384567036 1.7557221800194873
0.17479562451325603 1.674632344156006
0.17363416708169765 1.6736431849959168
0.24197998047825675 1.5609428646104133
0.22576634376299176 1.5466877054096808
0.20932238861679076 1.5319193128874284
0.302218634296203 1.3671095518765084
0.2858071835760565 1.3513409049013883
0.3109621028205334 1.3031770024195248
0.2972910491152858 1.289510910882435
0.28156691998775885 1.2734297049815648
0.2620611173778431 1.2689584494252657
0.2475742979517297 1.2535073675249153
0.1632921475893987 1.3051251077278831
0.14941135723791077 1.2896796460709303
0.13488653778544668 1.2731549563339433
0.05914405278280599 1.3123791182144755
0.04480180260388922 1.295351136493842
-0.017673524514692618 1.318598258790073
-0.031366522235207306 1.3016190956382767
-0.07577466717470238 1.306676801988738
-0.08989926351602207 1.2883576674076211
-0.10379512679890746 1.2699240787922301
-0.2036331257423234 1.3165092281199462
-0.21742409687182906 1.2974045830463283
-0.2324738854328623 1.2760597396699693
-0.40126080301662714 1.3641991050829951
-0.4154818513811138 1.3430997382001677
-0.587692861252993 1.4252441702468717
-0.6032868925632497 1.4010167269019234
-0.6194656782972445 1.3752429250356286
-0.7641727189913099 1.4338453036423549
-0.7795135979712615 1.408240049519208
-0.8263671338325929 1.4014087668688986
-0.8414117073816452 1.3750319541959162
-0.8561802066577706 1.3484742461102441
-0.8502591432610789 1.311133528999042
-0.8638355287053718 1.2854398031370902
-0.8399757403813934 1.237826476672022
-0.8520800263225814 1.213671926226297
-0.8655027676764764 1.18616697921483
-0.8421593919029982 1.1444066167844271
-0.8543240196097499 1.1180798749492986
-0.5533123855350168 0.9535569045953648
-0.5633804399590963 0.9304891573803461
-0.5736748051923848 0.9061803580258438
0.09108649483077103 0.6111988497354282
0.08457004065348883 0.5948579984458733
0.49126207427016544 0.4210655673981235
0.48702186688693483 0.4097263418577767
0.48254186224047735 0.39734532884509827
0.6477399042487677 0.3274900151758119
0.6442842892710007 0.3172640544810636
0.7313326871716209 0.2777788682090897
0.7284942834926693 0.26874111351827823
0.7256812388820755 0.25944306496265684
0.7556591493262985 0.24077484894317774
0.7531145695350966 0.2316658534749459
0.741038128487008 0.22522988986122155
0.7386994786297634 0.21611434910102204
0.7363631732304187 0.20658032686431663
0.6104636472764422 0.2259265514244799
0.6080739940059655 0.21519246881041698
0.047513048191441865 0.31938889220536726
0.04424383009005428 0.3030639202992263
-0.9995989158481771 0.4770057407631277
-1.004874852490079 0.4472985612147534
-1.0094491063368527 0.4197908543999017
-1.3681613727427484 0.44274040402687553
-1.372148193617551 0.41513385211992454
-1.3876359869722656 0.3823286666577001
-1.3912123696472367 0.3532599038517704
-1.39484573234843 0.32100317667337047
-1.3483977809947851 0.2835392830368062
-1.3511939430904434 0.25278115093155357
-1.3537446610477777 0.220989767482002
-1.3559152781588528 0.189760028317538
-1.3577714962465786 0.15821433560608947
-1.4152786393542085 0.12813558075035372
-1.4164520397067526 0.09664932565191846
-1.4173389005559778 0.06316612376614805
-1.4178357835263546 0.031483069543342526
