3.5939747146648435 0.006336597894777438
3.593855944607065 0.015124126818573235
3.5956559134194555 0.023402295627819897
3.59535410723831 0.032060007784630695
3.594974192249283 0.04039843632617849
3.594474146001403 0.049262879892892505
3.5938415724953554 0.058579499640243386
3.5862985806582475 0.06523451582425932
3.585555044241837 0.07364966032647305
3.5906847605879513 0.08272006633201874
3.589729988191558 0.09138679199403552
3.5887492514030925 0.09949682613561528
3.583671618883791 0.10742343206236446
3.5824840719872624 0.11575697424445837
3.580145415407193 0.12439103994716919
3.5787915341952683 0.13260371889875416
3.577364833501634 0.1407263857099182
3.5748269235497845 0.1488765882950572
3.573129208969995 0.15745547382491829
3.571323899992117 0.16607360205929905
3.569691649322003 0.173481310128713
3.56600352740776 0.18488535907115242
3.5627642846449605 0.19782478628842695
3.5605245421686345 0.20626783743276336
3.561247326844017 0.2149034838545858
3.5588769940045606 0.22312935255273353
3.5535885439786576 0.23032217953146977
3.5510624600492116 0.23843066309689817
3.5484753610998845 0.24643180360172132
3.5448818630677073 0.25400789372139915
3.541886180738092 0.26262881568831475
3.542086477687196 0.2709384794262544
3.539136005635828 0.2788870114808378
3.5360796729161463 0.2868566107302721
3.534901749628319 0.29526838366685143
3.531475870530741 0.3036561391299284
3.5311593789550337 0.3121393319754644
3.5277981895098116 0.31989810150458853
3.5242615738775855 0.327826436707539
3.521672234606712 0.33586483263026323
3.5175204931088198 0.3446452407460107
3.5196769437473527 0.3539337461142546
3.5159157049445633 0.36148126288056603
3.5119194117539845 0.3692895221474071
3.5097954020095705 0.37763274127923807
3.5052162242872202 0.3861166624248127
3.501507667412703 0.3928141959771669
3.5085905211627555 0.4066798167087886
3.504144218664105 0.4143306883660884
3.5099577349467665 0.4280198763950765
3.504934356221095 0.43624368582152623
3.50063530211805 0.4431153048879586
3.4958663901090556 0.4505673835472243
3.4909753187580774 0.45803286876290145
3.5009829276159743 0.47542815986323034
3.4952478224304446 0.48377625552079845
3.4898297755024696 0.4897457307932478
3.484520179975795 0.4971399432814718
3.479208022192635 0.5043733365168787
3.4782692209689086 0.5156111557038209
3.4727197642551038 0.5228308701488058
3.4829436860867045 0.5421917756977735
3.4772837123449234 0.5492456399392526
3.47113025358662 0.5567478627895743
3.471499843928241 0.5687600193441408
3.4647968473518516 0.5765805683085746
3.4740819061360497 0.5963334501937564
3.4677147876089345 0.6034541924689522
3.4611314529759407 0.6106596448807807
3.467801290526117 0.6298931944160475
3.4603553887231975 0.6376948804751649
3.5188321845072728 0.7080687046583134
3.5113122187340067 0.7156227550041321
3.503651497020742 0.7231566709506788
3.552428928407677 0.7900200679066794
3.5432873221500354 0.7986269196133006
3.5949298396777856 0.8720587996172332
3.585798038179972 0.8802962246837747
3.634122167701543 0.9550205282342777
3.6242795669602366 0.9635285130663463
3.6136544771755403 0.9725175534519661
3.6324112373550914 1.0167042499788057
3.621544997942863 1.0255046642288181
3.599469354103381 1.0238406867523495
3.5904266021274367 1.0308379051282865
3.5791086279236852 1.039418465246251
3.5456240407593365 1.0169394228968207
3.534808535730638 1.0247816429939576
3.500865310181788 0.999814391266592
3.4901565980499294 1.007236253402422
3.4678509681719527 1.0221624549511616
3.4354079786097325 0.9943121746811175
3.424646757750513 1.001107600626312
3.3920614082152087 0.9718576484764749
3.381171114365296 0.9784089818820143
3.371204970017408 0.9842605763858532
3.343032251021508 0.9589160413459115
3.3325385418855937 0.9647832406330273
3.305251601481019 0.9386569230559512
3.295275919208648 0.9439585604527504
3.284987308939682 0.9492856841685992
3.2616005742068244 0.9274809485331383
3.2515922615347206 0.93239499640547
3.231629911322831 0.916441279980035
3.221831701430175 0.9209924080406544
3.2120251393502275 0.9254211390191092
3.197106624164292 0.917772482178911
3.187205001809458 0.9219936477946784
3.1758356049965 0.9234482107930658
3.1662741791915896 0.9272821715408569
3.1563143486189276 0.931154705174317
3.144372984273937 0.9292406834089123
3.1343444376732923 0.932895919702155
3.126644815953731 0.9430308394801058
3.1165317327586477 0.9464732759866006
3.1063659182650363 0.9498125731562101
3.0986761956369153 0.960639646360621
3.0882575744496896 0.963817187423207
3.0875276001851546 1.0005043124003843
3.0758270167733097 1.0037930348522728
3.066043915060774 1.0064301442520167
3.0758992233305538 1.0896126002233992
3.0642390848831296 1.0924988357065313
3.096389663180014 1.2862943549437034
3.0827855340899744 1.2893534587960929
3.0683391945559624 1.292437262177572
3.1029230662980685 1.5374415812981563
3.0864682978788007 1.540592390708984
3.1147404626713975 1.801715693764528
3.0956582941032926 1.8049451994805634
3.0748855515972906 1.8082253547395726
3.077430651211998 1.9544073868485266
3.0561601827842986 1.9573088567612202
3.0444590687561215 2.0353721437867054
3.0225479613630535 2.0378842962477406
3.0010372355951076 2.040118631331099
2.9808450152112544 2.061081289147335
2.9580387097614174 2.0629553476061826
2.936902799558012 2.0724832022173736
2.9151890967814453 2.0738033831544094
2.8926668188087086 2.074931772539009
2.8705437798052635 2.0697981967164787
2.8486681652126684 2.0704280740211267
2.826034676237067 2.067836114307232
2.804399181754964 2.0679953208844277
2.7820988188885654 2.0679225197561966
2.760157033239126 2.068616334171151
2.737775323347959 2.068064092240748
2.715399554001985 2.069271312452028
2.692984646866557 2.0682332349601498
2.6715134948169768 2.0670104542517085
2.6497388562208934 2.06052847315202
2.6273981280368366 2.058777451254703
2.604839204365173 2.064797390507645
2.5828585671930715 2.0626016576543695
2.5608915358431887 2.060170658554424
2.5373206267117716 2.065362812400984
2.51576650006717 2.0625070466584914
2.4933035333819062 2.0602976186376516
2.4715100532389447 2.05693542797943
2.449680901177505 2.053330350674288
2.4255574247680642 2.0582168879526948
2.4042628216916473 2.0542288299273146
2.380649097923369 2.055662623323077
2.3588385903350986 2.0510925407261555
2.3363229162845265 2.0461201240487115
2.3105662487700203 2.05656281284014
2.2891033132738583 2.0513362902001835
2.26591992153366 2.0485232412119196
2.239146647430484 2.0413555586696637
2.223012915413809 2.036854168619032
2.200412550454698 2.0344866404938027
2.1787048032733156 2.027962839532409
2.154155098571474 2.0276262878791984
2.133019035999869 2.020772227061095
2.1115222593184027 2.0135497015435115
2.08866882413085 2.0055901770393203
2.0689725105727637 1.998495136271718
2.04879256022992 1.9867217677455697
2.0274518740202163 1.9785210115248018
2.006235341563616 1.9701049888311462
1.9901615501875694 1.9505654783178645
1.9693171174140203 1.9417800978943647
1.9576725796743164 1.9116499462421146
1.937682770078397 1.9027164778233074
1.9151084305202049 1.8436355144831598
1.8969988396324156 1.8348334813750256
1.8963792048846873 1.7853488338795782
1.8777529647986757 1.775798807878406
1.8587536787400554 1.7658019035878914
1.857997684181652 1.7222080701799276
1.8399022308224007 1.7121861095161934
1.8484024984558673 1.654914860364413
1.827480180974375 1.642706973748625
1.8134805907973686 1.634337925664852
1.831870193071099 1.56471233040959
1.8155130603814358 1.5544727291658977
1.8320991120583454 1.4926516241647803
1.816046056035022 1.4821186309320065
1.8006196026512273 1.4717607894610487
1.793710961480595 1.4476019380187675
1.778371919923089 1.4368176871121696
1.7654706351181395 1.4226137891912667
1.7504345702666262 1.4115570865921783
1.7354979277843214 1.40032722541859
1.707907386449314 1.4043413842182506
1.6931511470141845 1.3927406853553121
1.6033255164254643 1.4732189858814673
1.587611823104801 1.4603146607922337
1.5710751380841186 1.4464258307168854
1.4736152854790576 1.5288164013658405
1.4574865711584348 1.514672800765916
1.3627043736518922 1.585490864836692
1.347092974124012 1.5711973695752524
1.33006168895565 1.5552753330918887
1.2205345942641597 1.6345696779531051
1.2042629714457538 1.6186884615950243
1.1780551216189572 1.6095091834138464
1.1586301802923922 1.589694975444351
1.1438644929101092 1.5743062542453776
1.130411485878727 1.5541670417025066
1.1141385170257434 1.5364999382440083
1.10413349708758 1.4786942903452356
1.0893095749892003 1.4615191650390253
1.073190095961307 1.4424380594375206
1.0880708477610332 1.3944757357926216
1.075783094541189 1.379253444052268
1.1004195398788554 1.3298083544535275
1.0867030329692562 1.3120889843159476
1.0721967893221742 1.292926937290502
1.115518670007124 1.2338017056664468
1.1019483190732218 1.2150574014842854
1.0892964558489553 1.1971789273241722
1.0753641647590564 1.1770196412136773
1.06402157536612 1.1602253700060485
0.9972282789242957 1.175209820283061
0.9854884989278114 1.1570013018474758
0.9474106539948959 1.154730148159465
0.9351293106550178 1.1347891046454275
0.9227721485554652 1.1142282502974579
0.7770848750298884 1.1722023703981999
0.7646358610595341 1.1504507038179157
0.4591199523759655 1.2904300068720116
0.4455505722627944 1.2655026243465268
0.24627539505585583 1.335819838938948
0.23255219238945157 1.3092500735901407
0.2189135595985925 1.282153183974517
0.0856025661219455 1.3123534474204102
0.07183913082826265 1.2834965024962524
-0.06513605330753869 1.3090054988567847
-0.07843904478852926 1.2794876573992031
-0.09195344860775245 1.2486413620754873
-0.21860115224166243 1.2651387606445825
-0.23276323428047396 1.230803056868417
-0.3009194517551701 1.2219605368940596
-0.3136911231625854 1.1890401967715472
-0.32614984728978014 1.1558875950065755
-0.33931650193245355 1.1226076343471851
-0.35122567193369747 1.088729885943258
-0.45941191260500025 1.0873499822819772
-0.4714393832071204 1.0506095192798388
-0.481829732734651 1.0176883635665737
-0.5519647443942843 1.0001681620296483
-0.5624536137084664 0.964318254342868
-0.6477918072093978 0.9489508175557663
-0.6582785242533142 0.909992114629748
-0.6676933629298558 0.8734292991949767
-0.7133626411303307 0.8469232266915981
-0.7221575495357668 0.8095691423517848
-0.748342616176227 0.7750410816386782
-0.7566289643776862 0.7360804370105967
-0.7640325891902955 0.6993537754166482
-0.7340749204552868 0.6535674843571702
-0.7407571063265084 0.6163400960495197
-0.6722295300975842 0.5656377730653315
-0.6779024401634359 0.5296400822305829
-0.6833731125265192 0.49237765884258783
-0.5161898300658798 0.4303731066965416
-0.5203296081658215 0.39717413452716555
-0.6159089508014417 0.3710283544887035
-0.6197600286105915 0.3336725141771319
-0.6230301879798343 0.2982621869743838
-0.538399528180836 0.2533625667733322
-0.5408014454736838 0.21943040336504188
-0.5849237443827877 0.18544876573763178
-0.5868260880791571 0.14665963693680237
-0.5881166314417721 0.11298536076705548
-0.5451526150737163 0.07529928197186626
-0.5457605945517279 0.04002554115648645
-0.5459982735732085 0.0033990064886679607
-0.5428480599494172 -0.031872371929609594
-0.5423457259468871 -0.06613658779055309
-0.526775872521072 -0.12166878815728796
-0.5260036476116139 -0.14121167116864497
-0.5753246980254336 -0.21238451661907545
-0.5728987595454722 -0.24794749011961653
-0.6287775409788141 -0.2897681391721253
-0.6255272630524829 -0.3259508706602379
-0.6216736781528023 -0.3641843492467397
-0.7095368834080604 -0.4150986196055579
-0.7055241966074957 -0.44772324822302106
-0.8144292789656506 -0.5011007756488206
-0.8089260600639987 -0.5393085322808684
-0.8029191912286824 -0.578078110185865
-0.8999001764668497 -0.6350233729403808
-0.8931089753810393 -0.6733959429340292
-0.984488071693634 -0.7339448448000718
-0.9767072337706697 -0.7729860738618106
-0.9683286991281723 -0.8128491959318023
-1.0284060018239876 -0.8699330348929574
-1.01823337929881 -0.9135479523311254
-1.0652712971792706 -0.9653671836156854
-1.0549356809259525 -1.005846358010987
-1.0439702187164865 -1.0469713260737983
-1.0660668031000564 -1.098129534238885
-1.0542738028103806 -1.138830300338733
-1.0478907693139927 -1.1977631766873504
-1.0396005362002434 -1.2240783154728336
-1.0262937703216104 -1.2650596757457886
-1.0459455361816175 -1.3164072062719403
-1.0312076730246043 -1.3587026040150953
-1.03506568669364 -1.4069456914696612
-1.0201995095331537 -1.446824352629805
-1.0043049108441688 -1.4881159717330295
-1.0224326772023025 -1.5426899974577002
-1.0058467515148406 -1.5831659748693232
-0.9847991071308755 -1.6227198521806938
-0.9676075782186353 -1.6622446079171118
-0.9495903041790239 -1.7024971514826854
-0.8801005678620042 -1.7195068509377207
-0.8619431970602411 -1.7578441402764418
-0.6971452986951312 -1.7262603395242966
-0.6789763483348508 -1.7625900169145141
-0.6594460734707286 -1.8006201333840404
-0.3661399467632007 -1.6922345692930147
-0.34878952962974896 -1.72430406196067
0.0418126828194092 -1.550257631280729
0.057877890058257275 -1.5785000266609588
0.07541828856545285 -1.608586490592407
0.3928844574083108 -1.4555973909751
0.40841740967445217 -1.4809799842171214
0.7693515720744277 -1.2960509103285265
0.779793119668327 -1.3122671834121926
0.7937547016121109 -1.3335144553759022
0.976058793344996 -1.240836199772512
0.9892165749228927 -1.2599600737586967
1.1235407048206472 -1.1936700681539885
1.1364680498676392 -1.2116210013402808
1.1492587832393024 -1.2289904130168843
1.1714575088554628 -1.2401848066061552
1.1845948942035114 -1.2572491177832006
1.2434742991191723 -1.2398902138888945
1.2566575917373601 -1.2562619992891908
1.269753962498314 -1.2721820092700529
1.3826891179089562 -1.2045039906560329
1.3952874696543296 -1.2191729602849073
1.4905589722387635 -1.1624823417220567
1.5025821646718625 -1.1758860321359592
1.5157453606390123 -1.1902483023637462
1.5840561057727547 -1.1505461512218804
1.5962878127563043 -1.163336997727227
1.6156510923264507 -1.1702746108894573
1.6276920469776786 -1.1823362733506129
1.6404006815588787 -1.1948030886597538
1.6533831185003394 -1.2072674629343714
1.6668528590644718 -1.2199190780497036
1.7358209210165998 -1.1746267014903258
1.7458487158523524 -1.1836342636684127
1.758458344580542 -1.1947451527527095
1.798511650239641 -1.1764548802628485
1.8101638600281111 -1.186275438507243
1.8506418068183117 -1.1626349474528967
1.863026769053564 -1.1726389744886518
1.8755498456056925 -1.1825366430011126
1.9303154625865087 -1.1376611118359816
1.9426057198935873 -1.1469520689378465
1.9866546456267318 -1.1123638498798059
1.9986311843087334 -1.1210227567884503
2.010545876280326 -1.129445079028636
2.044804201260323 -1.1057125781892605
2.056871429433886 -1.113858576125517
2.089034536137075 -1.115731647482573
2.1010291373066567 -1.1232847960805503
2.113093886462303 -1.130702874845791
2.113895472374046 -1.1568429353940695
2.1267960471861422 -1.1643974570204958
2.12730908453384 -1.1923287852976205
2.139906767082996 -1.1993489583341364
2.153579908653894 -1.2067734110031145
2.159119680830325 -1.2255453547302833
2.1747793902263233 -1.233607793877062
2.1519796493961487 -1.3071918853799782
2.1657516386500326 -1.3139292279742016
2.180034114657243 -1.32072832218105
2.1449584491432816 -1.434520674877579
2.160844617206355 -1.4416689622260408
2.140533504102578 -1.5310104313128554
2.156566918207866 -1.5378175669615293
2.177514470205186 -1.5464154568537105
2.172591001321682 -1.5982637292942208
2.1887996259590534 -1.6045320510267806
2.1836933597130694 -1.6709659257861114
2.201308647255477 -1.6773579415702937
2.219845942706309 -1.6838593378918765
2.225589180268066 -1.7248699110874675
2.244507632417897 -1.7310552358483626
2.2593415179535294 -1.75040349799445
2.2774182919217454 -1.7558850641149648
2.2962900026015687 -1.7613915630889323
2.317541887399248 -1.7569627684119322
2.336797650344853 -1.7621372203304575
2.36003854376862 -1.7484973311477383
2.3787008849581053 -1.753087577865098
2.3975430172630925 -1.7575088554673928
2.4220546855420717 -1.7342959203317345
2.441045950819632 -1.7383259160977313
2.4689530309824703 -1.699049411966676
2.4858381052088903 -1.7022524207241594
2.5145724210471045 -1.647457160952323
2.5317605148143145 -1.6503428669786524
2.5495054912801676 -1.6531293056204677
2.5777361149648903 -1.5824673031090088
2.594431568655916 -1.5847225687907436
2.6161295870486647 -1.551140119796115
2.632167072001712 -1.552957213924299
2.648835678238242 -1.5546682436540304
2.6657148502155916 -1.5562170473771901
2.6820619773743117 -1.5575412106326891
2.699090050571095 -1.5627453990033873
2.7152537832898496 -1.5637052403676712
2.7319252370059397 -1.564519679212538
2.7473313028627855 -1.610138816481942
2.76435298291801 -1.6106055662927397
2.7814510331733366 -1.6518958610728651
2.7989906974552277 -1.651999691679261
2.8164647920128907 -1.6519179491197413
2.8342956486635056 -1.6446424561231383
2.8521012702232293 -1.6441747041118004
2.8694064708862896 -1.6435351355535759
2.8840395733937356 -1.5927844644219127
2.907263407765424 -1.591389192295382
2.9168546027102695 -1.542580306442885
2.931024384686937 -1.5414414068064377
2.947568158842245 -1.53994566089064
2.9585361175116276 -1.4865703143290396
2.9745610285983246 -1.4847738707610312
2.9826046270834636 -1.4072016735946944
2.995527643694989 -1.4054643149333552
3.007800383779962 -1.3824698913542024
3.0222902991555483 -1.3802141221206716
3.0370693544618392 -1.3777525616652093
3.055880484389048 -1.3865876018877517
3.068598460763308 -1.3841802147392446
3.0901496131846997 -1.4135282812765966
3.105680084841674 -1.410251284605402
3.120203378028756 -1.4070248031569925
3.143101122567171 -1.4170552634576914
3.153819835727316 -1.4144170261439497
3.1762320749386475 -1.4355157351235688
3.191590399016445 -1.4314024449462637
3.2062866292366636 -1.4273006603037461
3.2279342846030152 -1.4376620771451494
3.2447230098255786 -1.4325576583620214
3.2775822160728474 -1.4903490285469871
3.292360685587631 -1.4855322128071398
3.3082434981990825 -1.4801734852841943
3.3402975676255 -1.46877620433406
3.356321801387812 -1.4627819568550262
3.4526096982356664 -1.6657195387485708
3.47046566886857 -1.6586129104973892
3.4896519094824248 -1.6507274892444375
3.5421673345226967 -1.7283948181962001
3.56077340864198 -1.7202862612667877
3.600005188656771 -1.758583435075585
3.618917572878706 -1.7498565680736373
3.6387303800277255 -1.740446882159449
3.6705394549835084 -1.7605274940531361
3.6891100675694273 -1.7512222268309319
3.720426162147873 -1.7666011660909027
3.739591473870749 -1.7564828101149732
3.759616336261877 -1.7456232374654421
3.780504720253689 -1.7431610635739414
3.7992014902380316 -1.7325115820409678
3.833774804455639 -1.7482192807747847
3.8523261078389837 -1.7371156446133507
3.8718040074036346 -1.7251658383220756
3.8974515801077523 -1.727949371167743
3.9158604870461264 -1.716118985807564
3.9406034386050224 -1.7130054862265907
3.9603315619756616 -1.6997042878933735
3.978158190997272 -1.6873965974204272
4.008086037448542 -1.694428849530685
4.026052934026948 -1.6814741160552877
4.044980826382139 -1.668756046263457
4.062634399407637 -1.6554390273980242
4.080399135143751 -1.6417375109082246
4.088053561508412 -1.6166035453027736
4.105238833055614 -1.6027603029410293
4.095634133517388 -1.5562638568265499
4.112217839425497 -1.5423065006325687
4.129170724638713 -1.5277205846500201
4.11757324750309 -1.483326241075833
4.133323685398202 -1.4691847909491018
4.121363627206502 -1.424516466979471
4.136264963126976 -1.410547747621207
4.152465998669666 -1.3950214057291241
4.164198994871628 -1.3793335718350515
4.17870476012493 -1.3648344897491629
4.225117775133351 -1.3803243557218596
4.239396409844393 -1.365428128949697
4.254456576276555 -1.349374695081348
4.2750764689833 -1.340223268956244
4.289233299688032 -1.3244746804300556
4.303499134394126 -1.3082581369424444
4.317455519917595 -1.2920440182407182
4.310598309717662 -1.2315412078684747
4.323443151944357 -1.2156158779786659
4.298569706236137 -1.1647715808480805
4.308994129581365 -1.151234431768342
4.320991266863756 -1.135336763310422
4.286998818343816 -1.0854102976497375
4.298268691434977 -1.0697999477779578
4.277833144993036 -1.0311222990314934
4.288607478358471 -1.015505674713457
4.299712376272224 -0.9990329266124922
4.289898184345704 -0.9703027364092984
4.3002278197307 -0.9542538912187204
4.28479412382368 -0.9224372118787658
4.294681408067703 -0.9063285763875866
4.304362058558716 -0.8901678475259495
4.313632153514377 -0.874312131819882
4.322903462063419 -0.8580612129884757
4.273304429515261 -0.8094041376041455
4.281914266033429 -0.7935307858719808
4.2904814961969855 -0.7773196958101574
4.25484223239031 -0.7394985320158386
4.262543120836691 -0.724148893317716
4.196545599987623 -0.6724287227321649
4.203531646841264 -0.6577225222805196
4.122196802354028 -0.6024986438530653
4.128549610098297 -0.5883578277780128
4.134711599170238 -0.5742420631061657
4.029288898387968 -0.5129062334385256
4.034600288740714 -0.4999861268488811
4.039855007676863 -0.4868095725626264
3.882351276889098 -0.4116791389134722
3.886692792853795 -0.4000784597546066
3.7487345002368806 -0.3375675459227028
3.755734386067947 -0.31720779197132665
3.683779511163771 -0.28305083580008394
3.686736353182319 -0.27364692569974375
3.6896318484143653 -0.2640817568232225
3.6616526117977344 -0.2457046531552513
3.66429677794019 -0.23623522100272482
3.672505968015453 -0.2287735469354308
3.6748878371136757 -0.21948866137127512
3.6771561953862317 -0.2102403598159739
3.658893570024851 -0.19611944159100256
3.660947090173056 -0.1868986568238204
3.6393916806227504 -0.17283115026323845
3.6411797180209797 -0.16390754098010346
3.642938382622961 -0.1546088066734449
3.644750525402308 -0.14437988028989543
3.6460292149141247 -0.13668784697912773
3.6474648294456706 -0.12748475537341664
3.648729374798772 -0.11877477995637427
3.650005112144073 -0.10927172245801789
3.6292342387484373 -0.09795701755004282
3.6302396268838715 -0.08903461097646063
3.6162877061426384 -0.07793831407202584
3.6169979643183536 -0.07010225602408397
3.6177064364442453 -0.06128771326826721
3.612342192771292 -0.05192457841454982
3.61285283377596 -0.04320035442436636
3.6052697905439066 -0.0343010850757291
3.6055867786313964 -0.02580585387638975
3.6058171513931008 -0.01716736790274997
3.602956900916677 -0.008319571520517323
-0.5438935086136487 -0.02668713269538389
-0.5433932981939873 -0.06369657440970787
-0.5245622713983784 -0.09778396389212049
-0.523301206877663 -0.13395927875839345
-0.5217137731421042 -0.1688005015337561
-0.5525611261541612 -0.20788192658319954
-0.5498917613214811 -0.2471966574014785
-0.5793897173791094 -0.2803678620533123
-0.576194112831522 -0.31653485192277675
-0.6451974977064965 -0.36043057833221775
-0.6410373321956708 -0.39819351882684084
-0.6367640337865574 -0.4335308248223535
-0.6606383878142652 -0.4743742707886718
-0.6553942647933111 -0.5111746030795106
-0.7501554030238724 -0.5660579602659164
-0.7439943866227732 -0.6034308473936978
-0.737501995491614 -0.640394122312855
-0.8512122962713558 -0.7015502601787372
-0.8432121659701424 -0.7419764913574718
-0.9305095087071225 -0.8032152920890797
-0.9226151252379764 -0.8390426862498975
-0.9094790108984925 -0.8953331601719778
-0.9673586241601346 -0.9770736906529919
-0.956296342792291 -1.0187746488430398
-0.9619668781710025 -1.0620198715392863
-0.9502530588670388 -1.1026708459274779
-0.9775060262889581 -1.1545337679559704
-0.9648435497390682 -1.1951790853207453
-0.9518752237874932 -1.2352863251609125
-0.9698404836069603 -1.2855316908415921
-0.954679361981984 -1.3291621002370488
-0.9536424871367539 -1.3704685617560903
-0.9387183272414807 -1.4106740479461106
-0.9232586999657229 -1.4509860968078074
-0.9264714981153168 -1.4972194808157508
-0.9090998687518392 -1.5397513317497376
-0.9404090493209099 -1.5968184442065578
-0.9232141342596294 -1.6365101620366802
-0.905121787371248 -1.677069330930266
-0.8845175394995954 -1.7147671856901878
-0.8633207085354839 -1.7595958019997324
-0.808255599511353 -1.774523183448153
-0.7893978174340268 -1.812364286836354
-0.7693615394797662 -1.851512678995916
-0.6280292860735863 -1.8238158387901506
-0.6059136802329315 -1.8647898012382442
-0.5880028265715516 -1.8971362226111177
-0.40296792491316724 -1.8382724150618805
-0.38286976686235175 -1.8728558532875943
0.011553214732602068 -1.6811009861789723
0.03128315578301022 -1.713401014517358
0.36425700759442536 -1.5404804688626004
0.38083602377044823 -1.5663874540206286
0.39783972417276336 -1.5923410467728372
0.7715358257535376 -1.3757667294271292
0.7881317440649118 -1.3999239696357466
1.000408611661997 -1.277622727967728
1.0142600033019151 -1.296912357945873
1.0281180792208666 -1.3157824511734642
1.1648298358331703 -1.24303440588691
1.178208455657296 -1.2604396799127306
1.2156019759708674 -1.257860048436463
1.228732855419977 -1.2742246899049405
1.2430085974704894 -1.291629502779024
1.3005713712284148 -1.270015270467314
1.315538857901831 -1.2874782008253967
1.3956626955498956 -1.242361354570326
1.4089275258147187 -1.2571962343103167
1.422642806300123 -1.2722075935016266
1.4876758953059748 -1.2378293275888341
1.5023081467792496 -1.2531607455089293
1.5831859552642003 -1.1985940015425172
1.5959154909834647 -1.2113812344371235
1.6088832934475443 -1.2241343845230521
1.6261832849222113 -1.2324602709231605
1.6404445258484315 -1.2458872751437553
1.6965295954303274 -1.2105358591296846
1.7092057741196656 -1.2219705220610364
1.722482562543275 -1.2336937107632073
1.7351972155513662 -1.2446843094658326
1.748922686424656 -1.256296334822019
1.8218851214031493 -1.1946661811014272
1.8346533661919466 -1.205007002716358
1.8497454328440184 -1.2169438185878585
1.8781398751169616 -1.2022474413159003
1.89133982193658 -1.2122547920308477
1.9597686265511358 -1.1459721807584318
1.9719564399101999 -1.1548094486077822
1.9843328372085822 -1.1635841523258208
2.036362355474647 -1.1144768045427285
2.061042868140616 -1.1309922003595574
2.0962048914890508 -1.1013271290747637
2.10812431154244 -1.1088539271343982
2.1200138308108274 -1.116184487309976
2.1442673894156052 -1.1039342115435027
2.155512142792309 -1.1105365378553915
2.161863189589063 -1.1268568725435169
2.174194726187074 -1.13375163032647
2.1814696623520358 -1.1491062707204653
2.1936819187924144 -1.1555965491471285
2.2062772625081757 -1.162118027992516
2.2029490642498604 -1.1996375203034804
2.2158941790960176 -1.2059935281692373
2.191542434976305 -1.291883660228519
2.2053547190105727 -1.298299268195513
2.2191787769080698 -1.3045423361493464
2.182102092800361 -1.4280539822703857
2.1975090171844824 -1.4346221159685195
2.213440118982392 -1.4412090431233804
2.228362464571601 -1.4471926368280577
2.2439065933289353 -1.453236430542866
2.199866656063481 -1.6193730174038259
2.21734324534634 -1.6257429397836747
2.2210073352483466 -1.6715646844091254
2.2389332312123766 -1.6776665583369703
2.256952595780712 -1.6835856131396147
2.2712303136885224 -1.7006950399286938
2.289675208653183 -1.7063204878734908
2.3047675435811885 -1.7232509434523429
2.3249204216382857 -1.7289153808742797
2.3417706631085804 -1.733457491492667
2.366514209606977 -1.7119713985716398
2.384834320370456 -1.716506177809372
2.408406384404586 -1.6994676931983472
2.426380324656882 -1.7035094182881712
2.4454670035563644 -1.707583776695216
2.4692397151014696 -1.6787253003198122
2.48720660008256 -1.6821656544371868
2.512104541252462 -1.6480428407151755
2.5295591437753915 -1.6509968937840256
2.5485601269424456 -1.653997276369221
2.5749916552226897 -1.585109537155264
2.592242931794497 -1.5874627556609489
2.617907805858245 -1.5161040310059997
2.6342289087798134 -1.5179752782294145
2.6502517762176927 -1.5196395853866282
2.672211013900988 -1.4564044682133417
2.6883264409515735 -1.4577287183181435
2.7041614489372408 -1.450838024084767
2.719362086316695 -1.4517622143026054
2.7351287652634273 -1.452552141199672
2.749382879386469 -1.4851376727767684
2.7650792402192046 -1.4855896272309967
2.780335510501789 -1.5618762139980156
2.7966772137808245 -1.561996465774408
2.8135211048820405 -1.5619414776881908
2.830965437675923 -1.6077018198874873
2.8483602126904217 -1.6072726246124325
2.865686874536364 -1.6066577838835636
2.8825738939194787 -1.5958651421855716
2.8991412048684073 -1.594921634907885
2.9144777542634634 -1.5698314698650917
2.931498231592457 -1.5684974386616182
2.9481114234952823 -1.5670159559590329
2.9607097875403237 -1.5265639076660837
2.9769679327293663 -1.5247646870207527
2.9854652635608523 -1.4582532825309544
3.000683595053438 -1.4562369637790504
3.0164396571908774 -1.4539786362925335
3.02219987277308 -1.3913691877210832
3.036965727432019 -1.388930611665901
3.0416335930034 -1.328199234577504
3.0553753301703037 -1.3256256789683913
3.06824066281546 -1.3149186084364015
3.08219190265505 -1.311995323953528
3.0965942070286774 -1.3088146837337324
3.112783821150285 -1.3142934532388977
3.1265002004574356 -1.3109533245319052
3.1408323977364305 -1.3073003773629208
3.161362292349938 -1.3152616825816823
3.1717573846837817 -1.3123614010374867
3.188417329408413 -1.317955984930922
3.202479773834259 -1.3137298168399483
3.217006999324621 -1.3091910336212496
3.2384898348854234 -1.3285058015312368
3.25262234925449 -1.323757534050457
3.288371639071817 -1.3769582935406237
3.3018943430701095 -1.3720871212842949
3.3167203717062557 -1.366572741373012
3.378683648038529 -1.4820277445084555
3.3945760694784783 -1.4757236521800157
3.461061310358254 -1.5922229567329533
3.478076368171511 -1.5850515571827097
3.4951519734999885 -1.577637389813981
3.545085016758494 -1.644041762791321
3.6031094146476774 -1.673245728548041
3.6195453074045156 -1.6652571840743513
3.638141027353333 -1.6559757299752613
3.67154879738416 -1.678178683507279
3.6895036449288137 -1.6687313341752636
3.720887643431183 -1.6836053421677428
3.738577493149167 -1.6738080204592836
3.7565822972567773 -1.663583874824154
3.7898407587044467 -1.6719641959107274
3.8040896867892693 -1.6634460919679446
3.830216392373254 -1.6650580124684657
3.847622515094102 -1.654161741145015
3.8652894539571436 -1.6428397302499385
3.8945727122578364 -1.648742423054773
3.911733449327274 -1.6372201249822462
3.944989115864961 -1.6471296016254382
3.9624423872003867 -1.6348589224883796
3.9797986958232023 -1.622378204160137
4.004106331553126 -1.6193986360108101
4.021242286373643 -1.6065152591783483
4.036354425908421 -1.5898502236175134
4.053059915634307 -1.5767171109081495
4.069811596374666 -1.5632576594126837
4.077542862903265 -1.5387931093701095
4.094968242271739 -1.5241578827364448
4.098860921037801 -1.4970919503493547
4.1146549485988055 -1.4832418434377692
4.131177538047639 -1.4684312589281883
4.123231679173973 -1.4309643333187692
4.138742882348336 -1.4164633757925649
4.114715595095561 -1.36058329550694
4.128259770358396 -1.347364086818207
4.142984555753581 -1.3326876914743964
4.151167015698034 -1.3086285552782606
4.1633220520070395 -1.295960640803306
4.197301391257129 -1.3007035872906982
4.2109204607618835 -1.2859177475264403
4.238848512915471 -1.2545899556751348
4.268912844942607 -1.2549577897135098
4.28275410426789 -1.2385734803703519
4.297162677977102 -1.2195347127787834
4.307908896938842 -1.2062221016598413
4.3208016072724424 -1.1899258259730123
4.3132270709734 -1.158870066777663
4.326039351043528 -1.1419456637978205
4.2932830181115005 -1.0937581212589047
4.305313056223882 -1.0771414033273035
4.316528860260336 -1.061292238734217
4.28427710532949 -1.0129809843203907
4.294038902809905 -0.9985272940138264
4.26768404057836 -0.9567693332416007
4.277241705333864 -0.9419452977866055
4.286823881906066 -0.9267463213813024
4.269343832191191 -0.8941077691205386
4.279080121156483 -0.8779077372934616
4.261378804993379 -0.8468134318231635
4.270372126035264 -0.8310997599437369
4.279141938060978 -0.8153895554084639
4.256887150571394 -0.7830682157385542
4.2656004498881375 -0.7666363683570514
4.236951184481545 -0.7327620987858775
4.244584465082397 -0.7175964905450717
4.2071652368661345 -0.6803344737373477
4.214300311282065 -0.6653748037816387
4.2216532226411685 -0.6495160618137006
4.168857679077211 -0.6084674637409545
4.175284528893465 -0.5937983366314534
4.097638808800494 -0.5438589172706776
4.103726816569699 -0.5290986559773495
4.109029003486206 -0.5158411267356563
3.9640141432524993 -0.44450767632083643
3.9686716800849275 -0.4321139944128998
3.8046942734138955 -0.3592748487847766
3.8085056364586842 -0.34843274994044887
3.812163128856093 -0.33766077738500244
3.6730820472645314 -0.2803867663502943
3.6758550247141075 -0.2716007652475407
3.6423033191316683 -0.2513287062390108
3.644939029859846 -0.2423201102250943
3.6474857378459338 -0.23325720599315405
3.6278205863425157 -0.21782809007915646
3.630074250186788 -0.2090759172569636
3.625358296159283 -0.19895899819069376
3.62742439390035 -0.19018378579321132
3.6294446258627797 -0.18117012068040736
3.6039626596239205 -0.1663882265379134
3.605636221289987 -0.1580863022073423
3.610260916654189 -0.14984407543414335
3.611792948139411 -0.14130891462014597
3.613279457873908 -0.13248593661336977
3.5948361460748726 -0.12104338434149775
3.596086407751939 -0.11252746950239974
3.5923551657364348 -0.10283137328066339
3.593344305300386 -0.09489896336339847
3.594328070922687 -0.0862781301619538
3.5822850356484066 -0.0763290442791694
3.5830330988801364 -0.06822877734629325
3.574771933511502 -0.05880009390169602
3.575329367721939 -0.05092515633651141
3.575836504243488 -0.04250551356287356
3.561286572010713 -0.03296597148844913
3.561576658748858 -0.025396709411355925
3.5558085406442705 -0.017013226889041343
3.5559459083924403 -0.009043427708996694
3.5559996099286746 -0.0007679763614557804
3.546966048693453 0.007121944909189102
3.5468538011613293 0.01477835210276517
3.5484995880199106 0.027374563631663344
3.548325843214508 0.031771565546805276
3.543529538743036 0.04678488021325014
3.5429951436609626 0.05461882913634358
3.5423537541497288 0.06273678107620838
3.541650046781197 0.07057058955009501
3.540815719332705 0.0788483987761751
3.5338844812785952 0.08680189017784642
3.5330453823692527 0.09362407482648903
3.5319986947535256 0.10148354979569146
3.5298951582151905 0.109073635742198
3.528680285866475 0.11691467397017483
3.526378910510407 0.12467027859804419
3.5250456352839175 0.13220373200383034
3.5235195094262535 0.14031578485542187
3.5220319666119284 0.14777969816761452
3.520430155968213 0.15540074121964698
3.515753949398575 0.16264158115421046
3.5138520887430786 0.1707957710165673
3.512125786177104 0.1778563034071069
3.5082863751098885 0.18480911999599456
3.5062716365714026 0.19236521352560743
3.504145533682319 0.20000766834109537
3.5019976172324454 0.20742069665288687
3.498922095071425 0.21755896906579159
3.4983690305297213 0.22264253231801184
3.495948718026238 0.23009646211455648
3.4944462542576398 0.23769812777456426
3.4917851001230154 0.24533523034368535
3.489091362064414 0.2528024816496279
3.4892257132254425 0.26103048907911036
3.4863580708181523 0.26848016430042626
3.4852930005949783 0.2765763969241242
3.4823194442914764 0.2838330071393576
3.479205085033928 0.29120688945156226
3.4770348732107306 0.29870349923716943
3.4737971891919566 0.3059368363519155
3.474956898832396 0.3153699172694736
3.4716267065016937 0.3224012517247529
3.468044422443044 0.32975998793476946
3.473494139228926 0.3412193494283229
3.4697132783257434 0.3485815899243459
3.471151114063174 0.35871601872757247
3.467473212269704 0.3655140365326105
3.4633946107378097 0.37286537844647083
3.4707972544547747 0.3861438118317265
3.466506398435632 0.39350377487943167
3.4648875849959975 0.4020615616024364
3.460597110800907 0.4090726796077858
3.454966304897538 0.41802887394157984
3.465854820665566 0.4325197773471485
3.461253120348686 0.4395228217386743
3.4614474004188587 0.44998592920127356
3.456675766120438 0.456921150955103
3.451684857212576 0.4640116883008707
3.461209492326662 0.4815869674909379
3.456125517643464 0.488490844435283
3.455553987641963 0.49922436768122724
3.4502656605648783 0.5060934406709121
3.444511144485327 0.5134017770072611
3.4452567254645814 0.5252311474415103
3.4397812578901523 0.5318871516144137
3.449981818507344 0.5523881204460193
3.4442041873036864 0.5591153414639927
3.4378944584125266 0.566303505133589
3.45797089535773 0.5963374052180078
3.4512953282424657 0.603621069388353
3.5002209761260836 0.6625606271074631
3.493177149643323 0.6699264431356315
3.4857131213197006 0.6775643993377999
3.5167624601661998 0.7228938896522065
3.508992255959796 0.730516242796174
3.5747411361484187 0.8157212587394402
3.565639960091573 0.8242696473308806
3.55533215385257 0.833725576767582
3.6027511671711117 0.9013542941626329
3.5931487558935564 0.9098153939258797
3.601190679808287 0.9411639042102786
3.5918689119775102 0.9490203508057948
3.581749984525361 0.9573729480691409
3.5640607825972266 0.956235912574357
3.5538487601456574 0.9643070293360172
3.520283422746089 0.9422249152496334
3.5101044805909263 0.9499198001119307
3.500020021978734 0.9573755631040998
3.467613498123058 0.9339144592112778
3.4576874702686395 0.9409310237480942
3.427731832708932 0.9190874529683696
3.4177013435698917 0.925858547593503
3.3981138029323024 0.938631385977402
3.365305232866121 0.9084767436176782
3.3555476504046378 0.9144762479856359
3.32388799246978 0.8833291410035011
3.314037516386492 0.8890975378141628
3.3046410300830873 0.8944643261509541
3.2783144536549793 0.8690680545416098
3.268406669551013 0.8744479355113877
3.248106484914733 0.856906983386973
3.237157143637849 0.8625442781483146
3.229496695705226 0.8663842036754202
3.2121092848250643 0.8537387992594537
3.202829101648344 0.8581565794569124
3.1904496244802245 0.8550725646068007
3.180980380358926 0.8593334334131123
3.1690955252983164 0.8568882617965775
3.1601218148242713 0.8606981343581924
3.14839772003513 0.8655102706925685
3.1412929556002025 0.869410788095983
3.1324759169215173 0.8728205798829427
3.1235523350186862 0.8772336555923718
3.114304556325732 0.8805893741539723
3.1045727364231337 0.8840025159623272
3.0995277541836486 0.8994371153525408
3.0896626867259807 0.902662466217958
3.0921680661714004 0.9459058204227649
3.082399503819581 0.9488680204551392
3.0722013632229515 0.9518436940273161
3.088097928929538 1.0491632777344577
3.0765994272364434 1.0522531809657176
3.109900748426984 1.23160932365925
3.0967553389368865 1.2348426089232802
3.0834832878956586 1.237956875454015
3.1270557763421847 1.5007766386645318
3.1106216448118564 1.504264004014713
3.1419479957269454 1.7549973128806564
3.1245069138570214 1.7583057933303274
3.1052299707941247 1.761754428099733
3.1093096455968907 1.9030269423055275
3.088847734935309 1.9062400127011134
3.07692577916452 1.9716473094430769
3.056124372219068 1.9744572180615585
3.0343700334098003 1.9771574766415267
3.0159693887814076 1.9983636363558521
2.9945200299239008 2.000565409567606
2.973143592615748 2.0065436193454933
2.952066054781137 2.008250959164043
2.929778185280852 2.0098143254104865
2.9084491815371276 2.001063411045219
2.8871148308046592 2.002105643130221
2.8653863403317374 1.998930870865229
2.844254521517058 1.9995103243857724
2.8224563763034665 1.9998739238170282
2.8012231378296812 2.0019996263570703
2.7800469045945473 2.0019005654586692
2.758261465881861 2.0015648614945425
2.736591645600665 2.000995597344574
2.7155308481979605 2.0002172288013726
2.6947266033600727 1.9952246770626842
2.66563492870513 1.9934768690947795
2.648398715165149 2.001266111849302
2.630015552639507 1.9997885607372468
2.608552492051463 1.9978480552084774
2.587169238899106 1.9956833584337006
2.565656197727868 1.9932716780049429
2.540570170401506 1.9992378956778745
2.522210197541157 1.9967695975374518
2.5003393607293267 1.993604650193185
2.4789670143096907 1.9933135282987386
2.4576230138351565 1.9897585278984682
2.4317861682089497 1.9953093930710974
2.413484910007975 1.9918451458907283
2.3920210913709243 1.9875598632780418
2.3674298452898848 1.9956570500098623
2.3468778254090643 1.9910912321875112
2.3192348467731616 1.9856268197833085
2.3042154153697494 1.9819300304609673
2.282047082816943 1.9762524574511127
2.257209264975184 1.9840935507105555
2.236838546940822 1.9784079907310006
2.2103065558170445 1.981098342306016
2.187171692460354 1.9740644532228662
2.169225277557458 1.9684034773205252
2.152223225798763 1.9544478122491378
2.131326924733603 1.9473975758467452
2.086047686997101 1.9408493230433452
2.0648731723514424 1.9329284899528405
2.0456138312177985 1.9254935752554752
2.02497316756836 1.9172786466789273
2.0027947742819143 1.908163469959473
1.9907574677798774 1.884602749665288
1.9704698239634761 1.8757613619660725
1.950719129433209 1.8669019799896602
1.9463250560156757 1.8241258427020217
1.9256713326212016 1.814316780884643
1.9290172968214896 1.761423892980862
1.910437228730181 1.752113887842557
1.8920494936643706 1.7426562707673807
1.9042749955418912 1.674478341570449
1.8851850288346865 1.664125767041604
1.8979356573666073 1.603708178488027
1.8807346289810107 1.5939106554776905
1.863443800985536 1.5838126423562795
1.8725437060404837 1.5309881850605116
1.8553770688072344 1.5204563518446652
1.8730367454781125 1.4595136603561445
1.8574876491925978 1.4495211169815723
1.8583647997133448 1.4141867449460526
1.8420780739569242 1.4032058236787377
1.8273611435838848 1.393045101563317
1.7834893553232118 1.4257303774763235
1.7683716062079822 1.4148299746337372
1.722451753534767 1.4443316020013206
1.7071723401860897 1.4328055366816717
1.6917967139629968 1.4209466833124982
1.6185052962651434 1.4828642099148805
1.6027417380389712 1.4701661995046875
1.5869025594326078 1.4571240852064873
1.4761180020018327 1.556015891749304
1.4590144244756085 1.5413003231802416
1.327027488426483 1.6582750013640095
1.3094193879973728 1.642465658429994
1.291618875376212 1.6261335685849043
1.2278426630425807 1.6595533458888738
1.2087816402682139 1.6412861212026637
1.1763219179594888 1.641691349158315
1.1590570664286266 1.6244344519746483
1.1414329925489357 1.606435956331538
1.1385999100082351 1.57602339480585
1.1212169558098242 1.5574939776896626
1.1162072418780713 1.5298584730935567
1.1000472871097495 1.5118815343594476
1.150903608737802 1.434948463299639
1.1355957016859684 1.4171641865901694
1.1638414408342803 1.333906357008901
1.1499289411213247 1.3166573208891557
1.1332557166151283 1.2954861997736034
1.1160961188338612 1.2846757252293723
1.1027083755440275 1.2669353344001446
1.1151116050705039 1.2298565349795507
1.1023419389824225 1.2121687621210335
1.0892564148415813 1.1936299199665363
1.0156536330442285 1.2172543048729547
1.0023425456448367 1.1975089464389463
0.9179351394598128 1.2257030067352557
0.9048865674267972 1.2054298310895635
0.8921924473066436 1.1852368294506324
0.7118924493699481 1.266163834976251
0.6983683369563005 1.2435868899647402
0.48798750006671154 1.335476768855312
0.47382594753470864 1.3106541411208392
0.4598912392589245 1.2856091894128905
0.1993771060091527 1.3925733600965782
0.1843424070308699 1.3641243918143753
0.06503923469762851 1.3901847403336973
0.05056231940749578 1.3613289244477658
0.0357407091857902 1.3309750460272816
-0.14922746694322342 1.3820659710113918
-0.16379558518036585 1.3505423833650587
-0.2127811185642714 1.3342319631992847
-0.22675479646657593 1.3022213337472928
-0.2852198102935257 1.2872714252139605
-0.29855012406922476 1.2548450616034612
-0.3117382062040197 1.2217750758835235
-0.36854130281005437 1.205174681275194
-0.3812509220849458 1.1712141438412036
-0.39479512443223763 1.1367344073722772
-0.41836673600437857 1.0681744017624295
-0.429414140470203 1.0342945950410372
-0.5816378813709355 1.0435737823829674
-0.5926800770888332 1.007096268747188
-0.6158371396267341 0.9740434464368898
-0.6263193696914677 0.9365039118322279
-0.6358549871295871 0.9008909520118109
-0.7053710014731966 0.879414658753649
-0.7144595234211124 0.842359933896815
-0.7291654069125548 0.8058483298063869
-0.7376032536055197 0.7679604287198948
-0.7456218014636615 0.7300452321504358
-0.7443406788491944 0.6906302572685578
-0.7517508747392214 0.6514497093323305
-0.6332159626327183 0.5867854411315093
-0.6384127836008147 0.555523653475259
-0.6442473756817639 0.518120656902699
-0.6127437871138501 0.4775938059856081
-0.6178735314451282 0.4393819785184745
-0.6817907078467331 0.41130215991670405
-0.6860121339579082 0.37383873782451965
-0.5945622901785321 0.32410933047026025
-0.5975159247872996 0.29152279639284046
-0.6004621320425332 0.2548671978594988
-0.6030551318797377 0.21752188254743884
-0.6051943036560505 0.18097445772370035
-0.6069106523011452 0.1451199753203867
-0.5342896941865241 0.10680934060996793
-0.5352431973292613 0.07105501156770996
-0.5138221290633491 0.034335068516811285
