3.5829655782453136 0.009024449386538581
3.58580622770301 0.021438058231936393
3.58550563023404 0.034240337080572524
3.5750759822118505 0.04660939850345629
3.5745161918095025 0.059056880863307806
3.5737788694397143 0.07224379320623718
3.5679475334777724 0.08449591139923808
3.5670161466209596 0.09651069125214358
3.566909249520847 0.10911829994411358
3.565657873351422 0.12176092268802396
3.5642776717699984 0.13431866220980598
3.5607788338652657 0.14660320204686433
3.559147022452675 0.15899113289456482
3.5593816740886606 0.171517153041246
3.5574712243435247 0.1839683799371562
3.5552287550000345 0.19756144264777548
3.5493244756917433 0.208031847503932
3.547010108124526 0.22043550498992426
3.5465215103734513 0.233213263454247
3.544012765850314 0.24522396206634137
3.5392811498131707 0.25741496009435616
3.536539148897776 0.269263371112223
3.5335380631082245 0.2816300045890962
3.528554118491023 0.2931238673955929
3.5253626474428224 0.3051473606972246
3.5219426885852214 0.3174911077969968
3.519510278317873 0.32952349952717885
3.5159154397754255 0.34149924051279845
3.5140263737096804 0.3542685968008726
3.510208584612318 0.366057234122088
3.4995531127511432 0.37580174592366083
3.4955191349093173 0.38740395590073695
3.4905635500912653 0.4011422979596342
3.4934502542044976 0.41343384184185944
3.489011477154841 0.4249882382196375
3.4851461612078642 0.43744463514350684
3.480567428427565 0.44863574603617823
3.4756222877852085 0.4603658262943877
3.4879909999783765 0.47957959085646346
3.482811031883611 0.4911631798406197
3.478369184750737 0.5032095998488404
3.4729342312655134 0.51469615830962
3.467400141555511 0.5260769314532568
3.461546029973872 0.5377918056708476
3.455816125554768 0.5489556530527017
3.449869389600128 0.5602448257508985
3.4771381921635784 0.5897095174597218
3.4707964655743195 0.601148009489797
3.4728613104615578 0.6177480137683236
3.466265454878796 0.6290643685125671
3.459096814963744 0.6410600100877085
3.4924005598610703 0.6766727545979814
3.484845176920932 0.6887205108833269
3.5228841730089884 0.7294190386916976
3.5151298161460307 0.7412195984606175
3.506797723272734 0.7536045380425287
3.5398163899690815 0.7938133263922009
3.5310647640142196 0.8062341468862865
3.5629740714131444 0.8508656234804259
3.555570276808532 0.8608939164360802
3.6026270843447423 0.9164235352720181
3.592665627861797 0.9293506873710405
3.5828430214963176 0.9418207825788627
3.5849047575052175 0.9647718464183656
3.574644097520121 0.9772385809827301
3.557141854417088 0.9840649006829691
3.546414984262358 0.9965408591014907
3.5358722415497352 1.0085411498182804
3.50393824018654 1.0021982647429821
3.492932609270231 1.0141889920491964
3.454812178965941 0.9992898814183614
3.4440635242752675 1.010514897108354
3.4331536133869864 1.021666585117382
3.3741329874124757 0.985931500072315
3.3644671160395516 0.9953889601951337
3.3123233665088048 0.9622588398773179
3.301975214331828 0.9719653865910313
3.2912342912645736 0.9818235269508125
3.2438987815406977 0.9504082525494639
3.234241166723283 0.9588965928316643
3.2238213239381674 0.967863330344096
3.1884269767656956 0.9466820492161587
3.1782975309835977 0.955027200274859
3.1422486829496323 0.9517961402840085
3.1316824524593567 0.9599425965978702
3.122282387650011 0.9682830952209168
3.111469715468267 0.976255521864795
3.100368302055324 0.984250090920058
3.091236054757771 0.9919040863928891
3.080496079286816 0.9993027999937114
3.0769905482746567 1.0173336707033633
3.0661061486496086 1.0244933375728638
3.0544779947103304 1.0319605391873978
3.0607120837331916 1.0658215340332282
3.049285194749293 1.0728209244227915
3.058676250302704 1.1207790135825928
3.0438608409679335 1.12935522200416
3.0364055264231578 1.133573114509189
3.051661301584339 1.1891482447606796
3.038988207546234 1.1960058823504385
3.0624907673675565 1.2729222219573142
3.048587846947584 1.2800620316187403
3.033998257367765 1.2873504610845632
3.056191122293101 1.3666269465452965
3.041494809048093 1.3735866954671445
3.06141434282951 1.4568908905952453
3.0411019458841126 1.465942800720275
3.0297905807610874 1.470837796762312
3.067659272871974 1.6057247881713939
3.0503556387527087 1.6128107586268627
3.0981992073413083 1.7885518910190916
3.0795097551726656 1.7957356410744827
3.060336482911525 1.8028742965986388
3.0857699380699177 1.936139352432975
3.0652254757449144 1.9432938703191422
3.068197098784371 2.024583077370783
3.046453969633321 2.0316301989154724
3.024205609307454 2.0385758159335428
3.0099837278329074 2.0689535644327712
2.9880697667745553 2.0752886424316306
2.9676749700774288 2.0902873315282733
2.9456436508011885 2.096146227327748
2.921377659157202 2.1023133297707446
2.895956284928538 2.0920151441707784
2.874376322403005 2.097013854208741
2.848253218802983 2.0863904360959777
2.825671585580794 2.091114463923277
2.801558614777303 2.095878498123909
2.779215967073119 2.089873501032251
2.756602855896544 2.0938506162490267
2.73179802516402 2.0847616339757544
2.705657013311974 2.0887543633020145
2.687457043700819 2.0913367610279283
2.6635101839282127 2.082393666664908
2.6413382722251955 2.0850795760256626
2.6177104852745745 2.079635339332718
2.5956783410007436 2.0818239567415873
2.572292592804432 2.0838896953689097
2.5499925735492748 2.07358222115258
2.5279383574938863 2.0750597043655796
2.5054052656306713 2.0763262580763477
2.4834226902382923 2.0773256015255304
2.4605301072627386 2.078118645822409
2.4384587631566244 2.0696427043179364
2.4164339398406534 2.0699347636148615
2.3940190826232164 2.06299133023562
2.372161729333198 2.0628121656336726
2.3495320740169263 2.062382599918591
2.3275331140854894 2.0617268370096595
2.3043764638728654 2.0607826521345096
2.2838933838311855 2.0507157905672417
2.2618734970470245 2.0493504017570987
2.240096595273994 2.0477663199586593
2.2179159487728093 2.0388855775370756
2.196683093625525 2.0368778155751794
2.1768681677772106 2.01669362706607
2.155521004100179 2.014217222785024
2.1336803557641977 2.011445959277583
2.115145334699101 1.9866823650640062
2.0939256941969275 1.9835240153139482
2.076772731771068 1.9554662188524918
2.0559134199039324 1.9519037951184461
2.03495182277894 1.9480923562058299
2.01815532542617 1.923464490054237
1.99748246592668 1.9192448084503273
1.9822850226593913 1.8903994809842004
1.9623126977638425 1.8858753472754328
1.9210671442687932 1.8758249704333159
1.9100243825363012 1.8398749670265822
1.8899301063650769 1.8344058175897877
1.8774332826422007 1.8059136263702906
1.858055654254421 1.800193413529334
1.838388865816396 1.7941552145678494
1.825374916275625 1.7700641268481645
1.8056870388361126 1.7635512763150982
1.801093703259068 1.7186364501325064
1.7826093890564514 1.7120831853384788
1.7638722594036365 1.7052101036657523
1.7572207049302389 1.6695375940150676
1.7387401178305848 1.662304535346424
1.7429722054864012 1.6025412560170162
1.725662878942427 1.5953349012554652
1.7202405741860674 1.5614532087184403
1.703741467416938 1.5541663539677086
1.6869373405316819 1.546528578356045
1.6957142240835525 1.4855024556835197
1.6797848169816834 1.4778450832715495
1.6689087373565923 1.4579665859293442
1.6542710272588776 1.4505341427262133
1.6357688882165937 1.4476601147307675
1.6204356959343271 1.4394611824660655
1.6048857474824239 1.4309305802321146
1.5844737298220175 1.4309178532150573
1.5695760804525825 1.422323842816222
1.5544333072745709 1.4133739661368396
1.5392226658949903 1.4041621633882153
1.5241346659603177 1.3948006727226496
1.4691651136576982 1.4475453064992867
1.4539021056814243 1.4376160037944616
1.4071247903456776 1.473746185085439
1.3913745579607406 1.4630118651846638
1.3757294110059173 1.4521014980095965
1.338779005261461 1.469958843072195
1.323534086523091 1.4588317713575902
1.2898064182903444 1.471094562266711
1.2734104140374263 1.4585763280681188
1.257582364998415 1.4462126217252378
1.2239741245395006 1.4577695772128618
1.2087344050469115 1.445342617610463
1.1500160149717642 1.4836239540978473
1.13405862653268 1.4700314414813296
1.117132368721563 1.455283697640447
1.0837716958466677 1.4630676851552844
1.0685346758587102 1.4492149911622259
1.0298453924915303 1.4596850179142453
1.013906290666126 1.444558143151414
0.9989448626358151 1.430051922856448
0.9672258365933315 1.431007755630388
0.9519015728381959 1.415498479423948
0.9325586453922461 1.4041285093562346
0.91762255473006 1.388350859745103
0.9029180505335357 1.3724819257759617
0.9022496578376573 1.343461168978317
0.8880796999805884 1.3274942585145946
0.9048301177063334 1.2842538779703738
0.8912283601136599 1.268246481830202
0.8776178453530732 1.2518760223011627
0.8596574095167917 1.2393037173927461
0.8465954398155462 1.22289135756131
0.8333688409103523 1.2059004151958104
0.75348850624183 1.2313147042581114
0.7311902193638096 1.2009204453472304
0.6726277050041236 1.2152073709785833
0.6598398766509914 1.1968236065126572
0.5207068125586078 1.2625185605116356
0.507573671567092 1.2427463906420901
0.3047646603487215 1.3435437735616922
0.29068964013099263 1.3213367495643482
0.27646848964557913 1.2983585500669186
0.1109603685976559 1.3666943937360032
0.09646657176814344 1.3421213600186792
-0.02089497122587325 1.3747448993516131
-0.035167005305442256 1.3493026555490517
-0.04959475031670424 1.3229291588066396
-0.1090227581039871 1.3198597650190953
-0.12307008016061172 1.292804072780684
-0.1365659974331166 1.266119244252349
-0.2517175903036417 1.2880597118434567
-0.2651761279286129 1.259976272443036
-0.3741127190768463 1.2747970904642303
-0.3875945625605346 1.2450403827920369
-0.400880446993213 1.2148570786932515
-0.41720162536877803 1.1868546676065759
-0.42976410532152 1.1565829448136855
-0.4751639580276086 1.1183278653682098
-0.4800715028339879 1.1056279385777006
-0.587680775559484 1.109383875559889
-0.5991133221984275 1.0780947456563872
-0.6118366551338488 1.0420215750127975
-0.6870431166792916 1.0320803242785925
-0.6969460851534146 1.001973026409862
-0.7172407191298071 0.9711000458238502
-0.727707271150261 0.9368416226843198
-0.7385666908105128 0.8997911576220048
-0.7491736780038911 0.8694792382612966
-0.7578178170049421 0.8375414226210806
-0.766766102785509 0.8030451109674216
-0.8442891692464012 0.785386393000602
-0.8525776235790077 0.7503217993588714
-0.8008770310894842 0.702221640113554
-0.8079603144593466 0.6691185402108454
-0.8150089530930518 0.6343866577502393
-0.747085630767268 0.585023959012097
-0.7529842127003965 0.552350934155146
-0.6562080907479593 0.5010001058350344
-0.6615470973463804 0.4672669159377257
-0.6662898584131791 0.43505804692303657
-0.5656053936554812 0.38892884840484643
-0.5695917267946564 0.3572197868997908
-0.5933285765427776 0.32573767490480765
-0.5994807160180606 0.2631281707377289
-0.6190898695827873 0.23212143240681254
-0.6215632330192027 0.19733126682445584
-0.6233831544957873 0.16714754294067116
-0.6149984256712142 0.1345678014983469
-0.6162740005663414 0.10205465941110939
-0.5881978632389999 0.06924254569175954
-0.5887695397300683 0.037116551317649835
-0.5889972668690429 0.004042109522610834
-0.5818792564720323 -0.026834675734946214
-0.5814131527362836 -0.059157524382753165
-0.5586226724311358 -0.09028777423573985
-0.5574978456948871 -0.1216819325540988
-0.5559543752863623 -0.15470530445143588
-0.5821058690466101 -0.18758620897540054
-0.579947924895091 -0.2192130582639714
-0.6272666246791667 -0.2551485510513539
-0.6241835005027543 -0.28941001241647984
-0.620964631684632 -0.3212735502815864
-0.6868961104361033 -0.36157489317492614
-0.6829850458370248 -0.3935317104697886
-0.7320484474204041 -0.43418489496001383
-0.7272420258371337 -0.4675481919952843
-0.7206967609582184 -0.5094072301654968
-0.8110988795120155 -0.5508248233301395
-0.8050747189847733 -0.5848589964467295
-0.9674286330951474 -0.6521689972782729
-0.9602651285413599 -0.6881266350817395
-0.9525079127853391 -0.7249763407944362
-1.027622271115212 -0.7788649218927496
-1.019006969554654 -0.815853137603027
-1.0761718690769198 -0.8683997562403367
-1.065956440283077 -0.9083143476023384
-1.056593861414326 -0.9433174848548075
-1.079175988151945 -0.9889506779748611
-1.0680798027832243 -1.027186196133433
-1.0798966214854104 -1.0710744622921546
-1.0676827390797068 -1.1099808201445032
-1.0558778229269956 -1.1462065577379015
-1.0748682204875433 -1.1931332072512837
-1.0618642180996427 -1.2303544755237616
-1.063159493001128 -1.2738235066272603
-1.0488196096011975 -1.3121521635962214
-1.0352000772018415 -1.3474050725718916
-1.0420588165555924 -1.3923362034264262
-1.0269105818623814 -1.429214072110835
-1.0486880679061499 -1.4829250184286953
-1.0319655198925024 -1.5212260418060777
-1.0161413134031774 -1.556436483400468
-1.028472031482127 -1.6060434394327
-1.0110076897037157 -1.6428093440147342
-1.0289403627500517 -1.6972460012336292
-1.010495717749491 -1.7340112338772162
-0.9667260911371556 -1.757828042573087
-0.9479434087133387 -1.7933429488117738
-0.9286018021307001 -1.8289926306172632
-0.8745514774572456 -1.8459126798097931
-0.8539958448724341 -1.8819118049347934
-0.8343322521361571 -1.9155093011499196
-0.6622786469092592 -1.8582716401763215
-0.6420957659736106 -1.8911312357013805
-0.3295560941379452 -1.7381655643103757
-0.3111404216515923 -1.7667522786420367
0.12809642074125316 -1.5512753226140403
0.14457612603685277 -1.5751394061342854
0.16193294519867196 -1.599705241040645
0.6182552611492733 -1.302395748448894
0.6325744713389294 -1.3217624599893638
0.7824538952277076 -1.236462938763627
0.7967734525200711 -1.2549743572900556
0.8094534144010574 -1.271006514160941
0.9245740058360363 -1.2050490179844469
0.9410048009809671 -1.2248910193316846
1.0047022177150842 -1.1902521156254233
1.017507932664236 -1.205102354056985
1.0837010705609906 -1.172828260385005
1.0962018452295192 -1.1867094722875895
1.1091021843644464 -1.2007297071311913
1.1497133787007232 -1.1884478804726943
1.16230695146377 -1.2015577046505481
1.2006979932627275 -1.1907034461342387
1.2129686269398814 -1.202936623173062
1.2261959408945344 -1.215847042529418
1.2370714079125005 -1.2303845292043405
1.2509388166091733 -1.243345244421063
1.2317626752165458 -1.2908534204094586
1.245400203021602 -1.3030657346494237
1.259492713091685 -1.3154178531968597
1.2530028722647877 -1.352008353882169
1.2676686722315789 -1.3643147599268302
1.2459688948380505 -1.421539028067358
1.2609412580264368 -1.4335641535465384
1.2765205127095156 -1.4458059488179975
1.2496233694126535 -1.5134181866881686
1.2658193960213455 -1.5255934443876635
1.282350553873496 -1.5377453350841677
1.6088708144433104 -1.7098452011104421
1.6092633389339173 -1.7100267637806323
1.6878420615100125 -1.5436421446195654
1.6881204211423007 -1.543770535152613
1.6883685953089929 -1.543884951626093
1.7360617454954694 -1.4414419843356434
1.7363967092255592 -1.441596223799623
1.784715447894949 -1.3372392904566057
1.7851951816489777 -1.3374599191498662
1.8263287709405245 -1.2485100403878981
1.826736111346594 -1.2486971265947462
1.8270389017209685 -1.2488360900690236
1.8761994557332748 -1.1426644257286924
1.8819546917219458 -1.1452851429103128
1.882090469112101 -1.14534654922232
1.906144133099709 -1.0925691661071908
1.9178832559050483 -1.0977998201235428
1.941230289630419 -1.0752168864221818
1.9530352935785367 -1.0801775554109496
1.9623597461489939 -1.0904567887858863
1.9738791812156269 -1.0950096108247342
1.9858730123416994 -1.0996016724673812
2.000376120967404 -1.0964441414440325
2.014802141043273 -1.1015950296979165
2.0292732576561114 -1.0896617284786543
2.0406943107341684 -1.0934808739347963
2.0526368489686195 -1.0973330585130252
2.067968413710015 -1.0958010885675176
2.0778440405217733 -1.0987449830477787
2.073175993066612 -1.1619100948403904
2.0852569691090337 -1.1652406723529558
2.097837962142929 -1.1685662595155066
2.090617290178954 -1.2523507251819623
2.10403082345193 -1.2555884064985061
2.0929745893088514 -1.3689939361406724
2.107369287206356 -1.3721429466093844
2.1224054732831457 -1.375263712433672
2.11932194072139 -1.4704519125219953
2.1349203588193713 -1.4733437425908285
2.140616696171001 -1.5372707314246092
2.157120326419216 -1.5399644360053553
2.173570233944014 -1.542468982198291
2.181809644346948 -1.6062484143805387
2.198962098992245 -1.6084852384645612
2.2118597329222003 -1.651316819966385
2.2294334644687583 -1.6532244424024434
2.247116440060851 -1.6549533579833398
2.2624690644213796 -1.6864012694963406
2.2808231876772775 -1.6877976440926188
2.29669320091225 -1.7239073946306522
2.31493250111662 -1.7249036264770639
2.333740558833827 -1.7257284509610273
2.35153275487073 -1.7503290908139473
2.3704346662234683 -1.750750379419831
2.3892428603831233 -1.767967274569092
2.407729560377882 -1.7679831033967393
2.427544290131512 -1.7677854259160388
2.4460309382180587 -1.776403713328354
2.4650839750408235 -1.775807725006535
2.4839694605787384 -1.7620003205703783
2.502275309875315 -1.7610325837388439
2.5215200876841837 -1.7598093272537307
2.5389786897006594 -1.7404599747793938
2.5574551205330662 -1.7388858171305894
2.5736293725038486 -1.7102087127026104
2.594726295979525 -1.707935206515193
2.6099809027290504 -1.7061269063258728
2.626130041310042 -1.685902193016285
2.64519042101214 -1.6832357700108116
2.658704307473972 -1.6589493908176984
2.6762140681072646 -1.656124025723809
2.6943016352842912 -1.6530056102351838
2.7224061877492236 -1.5977966860965171
2.7251034442931825 -1.5380155234940607
2.7413541989450496 -1.5344905704704033
2.7590373890474047 -1.5304496572138604
2.763209966092293 -1.481115633747492
2.7790335273034636 -1.4771454177500245
2.777438827687021 -1.406227553191249
2.7919198053000476 -1.402260627063875
2.8072805676999772 -1.3978764391654879
2.802602782566628 -1.3293727842368401
2.816793692509475 -1.3249920821968397
2.820092487807182 -1.286130359523471
2.8358032939945157 -1.2808920676401778
2.8476327104161525 -1.2768061546552354
2.8495203789287094 -1.2400372691688704
2.8631708738720687 -1.235003539102858
2.8957646433660647 -1.28036964130993
2.909032966111133 -1.2751527121925834
2.9226892058163543 -1.2696160813895943
2.9345557980742805 -1.2592355215547126
2.948198424860278 -1.2533564883865684
2.976188341856586 -1.2803214419467313
2.991997566803445 -1.2730887168217306
3.003321270486658 -1.267761588224838
3.01532274839514 -1.2575284948292227
3.030294776571606 -1.250091394509437
3.057624609077096 -1.2415936829479266
3.0709710038324154 -1.2344322225282849
3.0993864009667087 -1.2541748929646273
3.112855156357984 -1.2465687008961175
3.126641349726377 -1.2385832022386827
3.2322045437169464 -1.3817396995877584
3.245347957370991 -1.3737379047579248
3.3800456801987173 -1.554913008731946
3.3964205582618767 -1.5444708061575947
3.412995077746414 -1.5336508639392268
3.5280132353694222 -1.6684670032192448
3.545841932341938 -1.656273608461746
3.6191006800970955 -1.7221769745838549
3.6373919659086122 -1.7090819531856334
3.655587927726381 -1.695759108997434
3.7208255174101676 -1.7443520150927574
3.739199847487055 -1.7302854586716752
3.79732236162301 -1.7647921174201493
3.815944840773108 -1.7498860556870601
3.834486632688071 -1.7347187381933817
3.876501561909612 -1.7465142821283988
3.8953532749813506 -1.7304009890781238
3.9342596657936726 -1.7375762653531752
3.952470712559639 -1.7213246894890475
3.970981601397139 -1.7044473614845608
4.004380701379052 -1.6992738346253855
4.02009794557954 -1.684295593632233
4.046779164651817 -1.6750878731781993
4.064730631828883 -1.6572486003767226
4.082301437977106 -1.6394093057501415
4.113911533947143 -1.6310926564125503
4.128991465407281 -1.6150989172644457
4.128330943990124 -1.5774891911028117
4.144399837526949 -1.5597016403261084
4.1609412964080486 -1.5410015414024547
4.141158579907287 -1.487436317835234
4.154999754475975 -1.471079828489693
4.15507032282557 -1.4380852415406218
4.170412542740969 -1.4191548289406113
4.185640106883282 -1.3999465735126686
4.2030089290166535 -1.3791514789486394
4.215518499823936 -1.362641763926617
4.207586885303122 -1.3246549181126974
4.221270883707877 -1.305776921284003
4.234860082369327 -1.2866116267652907
4.2491756172242505 -1.2659504479494097
4.261835491417594 -1.2472568311690277
4.251951546367222 -1.211463771603615
4.265119760945834 -1.1910907930671593
4.2783904025215245 -1.1433505567913216
4.289957590464766 -1.1241269084247623
4.302054979382861 -1.103534256561555
4.280850538998662 -1.0641063151529757
4.29198874694755 -1.044174114515314
4.2712105073838185 -1.0049613112236668
4.281084693067612 -0.9863550970653162
4.291809558771213 -0.9656254933160526
4.270484874348955 -0.9301652191045287
4.28033184700179 -0.9100951297259179
4.290378444409979 -0.8890389962820024
4.278682036573361 -0.8595986304413062
4.288032652809046 -0.8388615511077109
4.267392241027904 -0.806227150466159
4.275701668417869 -0.7867015006305894
4.284557775530424 -0.7652437459318546
4.260686307157799 -0.7333801649591238
4.268386629700521 -0.7135344434267558
4.2458186859979055 -0.6826253572941489
4.253032285828098 -0.6627935935709499
4.260233990563567 -0.6423032775503701
4.2110613613443135 -0.6036039640738635
4.217434850645004 -0.5841331728818109
4.153929390096325 -0.5394040179275031
4.158450739015553 -0.5244768807637318
4.164244151380686 -0.5046459891042863
4.046843675987835 -0.4529568487823939
4.051718893072485 -0.4348433031189594
3.941790610323621 -0.38856365491115696
3.9459705813373978 -0.3715843936971915
3.9500051854176133 -0.35437822334126323
3.7934445446294127 -0.3029658413790716
3.7968240326387983 -0.2869819190170085
3.687081098394497 -0.2492854712084405
3.6895419025779823 -0.23622591199010726
3.666114834481428 -0.21949538925924206
3.668373226147934 -0.20604455632479513
3.670508665332399 -0.1924389028114795
3.653758687560061 -0.17562788322949502
3.655546043817723 -0.1623580359996509
3.6353405295323418 -0.14652568407877853
3.636867658326169 -0.13302028336588043
3.6382353700270524 -0.11962093635299756
3.6374193061738476 -0.10657138784980784
3.638491204661606 -0.09329274342542977
3.6214611425544336 -0.07879515993776197
3.6222256673664286 -0.06588184902298919
3.62286725626226 -0.05264668614083538
3.588399754222241 -0.03777597337615962
3.588781675354536 -0.022784388103765426
3.6009309670717906 -0.012876813581522413
-0.5389144839078424 -0.02241999725024244
-0.5615160594066757 -0.053540917776556986
-0.5607653260988426 -0.08551423139346973
-0.5596726694825702 -0.11739544078846689
-0.5562652446905858 -0.14864657088043443
-0.5544093992700301 -0.18183811895447533
-0.5891876668086113 -0.21625469382025325
-0.5868039209419442 -0.2470047324361008
-0.5839820996706302 -0.2790337414099899
-0.6305115529878709 -0.31655762067441046
-0.6269232644054483 -0.34920560047208127
-0.6795363250579358 -0.388937042011509
-0.6752071433274396 -0.42180211667070927
-0.6705808160163849 -0.45425703331060435
-0.7356409021251631 -0.49837850366934294
-0.7295659531784211 -0.5352027136575823
-0.8757715578577177 -0.5929263872779021
-0.8691752139953319 -0.6282789350269337
-0.9366715750611982 -0.6787103949245386
-0.929370485231042 -0.7136646075520449
-0.9212776670495266 -0.750426317740824
-0.9833447095184651 -0.8015657032167809
-0.9744108265644669 -0.8383797311269583
-1.0311529588770827 -0.8911870582481785
-1.0214499015307075 -0.9277421901129171
-1.0110521706986373 -0.9652709924016762
-1.0247229593785834 -1.0080538931551224
-1.013725895456958 -1.0446891933424942
-1.0021164706104013 -1.0818981099906892
-0.9904573542052835 -1.1178993377381121
-0.9781451054402597 -1.1545716290425718
-1.0062914237757008 -1.2045529196810354
-0.9908830520479706 -1.2472694686128734
-1.001013793231441 -1.2859242505876811
-0.9872076398075302 -1.3218624757627038
-0.9723003779075166 -1.359443327676745
-0.989472190024927 -1.407259135002372
-0.9739605095484749 -1.4440534893165826
-0.9902494995120983 -1.4944006594812411
-0.9741083878290833 -1.5304958631703076
-0.9574435542029263 -1.5667156028907172
-0.9486367520337118 -1.6063710352621259
-0.9313648115438395 -1.641890523880163
-0.9523445215477411 -1.6983374837907943
-0.9342495796931249 -1.7335927261950024
-0.9154698874935132 -1.7692437438419142
-0.9042178907819229 -1.8089867689501387
-0.8847640763993994 -1.844075367873016
-0.8454487945707063 -1.8687126910843068
-0.8254960650412682 -1.9029451212274346
-0.8038106397732001 -1.9392324214688759
-0.6816747311255877 -1.9089017396246561
-0.6603609076563277 -1.9428886007409019
-0.35144359345966514 -1.7873217818875722
-0.3324428131255619 -1.8162371191555542
-0.3120263854054066 -1.8465843833588775
0.11790541360402029 -1.5893411524094383
0.13542756751364626 -1.6142096202237304
0.5001797612029546 -1.3899636902657342
0.5122745096410244 -1.4063457871551241
0.5276559811193626 -1.4267599219777323
0.7632399617637375 -1.275398595433141
0.7767200597851462 -1.2925119866740353
0.9374801226080891 -1.1908113235242388
0.9501447853907401 -1.2061989291449138
0.9632853604801657 -1.22182119992632
1.0324529614987537 -1.188763684458131
1.045029294477866 -1.2030787119622937
1.1220674697773516 -1.160157079105558
1.1348077239433811 -1.1740376930093313
1.1470021879592467 -1.1870435893517495
1.1834827621486383 -1.1774271994524734
1.1961947230115841 -1.1904208730927244
1.2276667943694013 -1.1865322814723096
1.2392993148961235 -1.1979139867283428
1.252371511812454 -1.2104432465425083
1.2463424106283703 -1.2431774477061752
1.2600804238425969 -1.255786351213106
1.2812199473673673 -1.2599826164798165
1.2940233155556782 -1.271235844942057
1.3078371905304391 -1.2831232978991365
1.283915058864145 -1.3401083553839128
1.2982541444517903 -1.3519216211683072
1.2666409919832864 -1.4533225240624914
1.2827748468246933 -1.465761562162282
1.29804102612668 -1.477272967294826
1.275665822161489 -1.5427746616224287
1.2932093637221735 -1.5554084632172105
1.3085445586992681 -1.5662075276460092
1.3255028822510069 -1.5778900291050408
1.3424100191028474 -1.5892716672444522
1.3774016899618124 -1.5727900992526125
1.3952530948636834 -1.584253659178035
1.4542438673835094 -1.5256376822883928
1.4706005386164431 -1.5356567458842991
1.561961139999482 -1.4259757603581598
1.5808108992607985 -1.4368873363037542
1.5902963533046903 -1.44225379338323
1.6647184429026258 -1.3417380637786427
1.6790177304234961 -1.34947566371399
1.7642858629511315 -1.221473100791095
1.7776268534865336 -1.2283243327797946
1.791626759306333 -1.2353181776400304
1.8641394397105147 -1.116018575081185
1.876140782584737 -1.1217020639764679
1.9241950571270208 -1.0480508844219547
1.9388072876796159 -1.0545626022681478
1.9469444009649928 -1.0580839400458883
1.9688433792781908 -1.0369344089226424
1.9800176064868935 -1.04151034038986
1.9938080653123742 -1.0405273240980861
2.0046810434750686 -1.0447066203542694
2.015835494056159 -1.0488596819274372
2.02840217085111 -1.0491349071362712
2.039534588849031 -1.0530117223297009
2.0539917462204755 -1.0483769781507244
2.0652508524975675 -1.0520261442789314
2.0767715794205306 -1.0556227489637109
2.086948545799245 -1.0618134426643848
2.098195071015562 -1.0650646857542025
2.1098724875920065 -1.068304744229824
2.1034983485720233 -1.1390416018304523
2.1166844391375674 -1.14239279277016
2.1077318079049028 -1.2328293896113376
2.1204489300071594 -1.2357751410616162
2.1128574741782207 -1.336502214687536
2.127322840914271 -1.3395283374803744
2.1427691535142577 -1.3425800875985865
2.1393336572849564 -1.4365420487321503
2.1548775096003037 -1.4392758473274854
2.159678265999153 -1.509995517929383
2.1786122343183285 -1.5128874568871529
2.1917944955857154 -1.5147578908629566
2.200139012475601 -1.579404820071717
2.2169554409802235 -1.5814419652371867
2.2308084464030666 -1.616168066195919
2.2479305097435645 -1.6178689286011856
2.2661045130046857 -1.6194742969748817
2.280381102960702 -1.6536793278840676
2.297969313744654 -1.6548576189697597
2.315026827707067 -1.6738445447503405
2.33274823047649 -1.6746501722735876
2.351203242052741 -1.6752894903311
2.368359771180805 -1.7027060509436938
2.38647971036298 -1.7029463296792802
2.404986513760575 -1.7199927716942638
2.423209803949053 -1.7198433954871142
2.4420769911250058 -1.71948525053804
2.46027783627208 -1.7149409851229156
2.4795394997548055 -1.7141556136998632
2.4967743558330144 -1.7092626258281975
2.5151278349832005 -1.7081245802376597
2.533278787191297 -1.7068042549996225
2.5507730663556853 -1.6882809252200015
2.568354741721902 -1.68661841592571
2.5864014074014916 -1.6847194173863917
2.601704208544258 -1.6618036623667471
2.619723550739641 -1.6595172675360639
2.634469310950216 -1.6352761669585143
2.6519356019863856 -1.6326764690077937
2.665170301786197 -1.6042321250525489
2.6822829360424856 -1.6013095715754757
2.6994794834316047 -1.5981827301668414
2.709798509559899 -1.5605466617421169
2.726570829531184 -1.5571231464785675
2.7281738019292683 -1.4851743856285997
2.7438648691638408 -1.481620042978271
2.7762690462640314 -1.4737240599323729
2.773657876343115 -1.4030979265349774
2.788981872666968 -1.398927125598935
2.780806597223503 -1.3160115255996268
2.7949275285486395 -1.3118430726251002
2.809259177569967 -1.3074428957223159
2.7989336959548052 -1.2288677334163507
2.8126020128015807 -1.224346184309031
2.804426284997036 -1.1605517567103572
2.8169082751920995 -1.156126502626918
2.8295609852708417 -1.1514852842885765
2.8566643286940554 -1.186127603126412
2.8697939129331065 -1.1809888565820597
2.8958056162986576 -1.2093079801467896
2.908867561906609 -1.2038699283723402
2.9216944037221424 -1.1983672012889028
2.938854225451835 -1.202813420158215
2.9518594158421854 -1.1969023289919365
2.966341724915781 -1.1945463785970882
2.9791511386558476 -1.1883888078375846
3.001547807766679 -1.1996267065096138
3.013591834100911 -1.1935112320898702
3.0265107831480336 -1.1867806194066526
3.06193914639663 -1.2222669783920777
3.0751428289550575 -1.2150235226161514
3.1214461297202916 -1.2658453625587969
3.1346251674441943 -1.258242768052966
3.148021051184547 -1.2503253604501372
3.241439895512486 -1.3726175367668652
3.2561889422002963 -1.3634663528132764
3.381135667533373 -1.5257682661183651
3.397223463273618 -1.5153024002807396
3.4135484695064386 -1.504431952585811
3.5187398684633546 -1.622732912931329
3.536093039340087 -1.6106314308255019
3.6069705963325234 -1.671845082413054
3.6243092739047906 -1.6591898028347218
3.642115662227515 -1.6459017837189134
3.7014157506860106 -1.684920782667947
3.7197000243724214 -1.6706384545051722
3.7618794040970767 -1.6881485386944455
3.7795275362804324 -1.6737576815788004
3.797533640992909 -1.658752761050634
3.838213807794832 -1.670076957229304
3.857443432648285 -1.6533223039172924
3.902158928418895 -1.6697408642575042
3.9195483323279143 -1.6539313364585162
3.937146477754256 -1.6375886864312674
3.975106487879401 -1.6415433444902443
3.9921081106411203 -1.6250590032459624
4.023103175730815 -1.6211021192178319
4.040463107115643 -1.6035325984190307
4.057464533466364 -1.5859531267667175
4.079443870785884 -1.5729174437584847
4.09610318351666 -1.5549389026147142
4.112140053167687 -1.535765749826108
4.1283383151315345 -1.5175133173874582
4.1447441548835275 -1.4986219783520345
4.136886276459718 -1.4599955693925564
4.152554596090248 -1.4411500226287852
4.137462810711964 -1.397899489016603
4.152196342544933 -1.3793868120190802
4.1671155714567085 -1.3602215103119155
4.170640521740911 -1.3241424178573369
4.194619856511 -1.2914567629682516
4.222246909683149 -1.2819517152179376
4.235737099820829 -1.2625582364158148
4.212056991247596 -1.2173489477018122
4.224720262795511 -1.1982841743691182
4.23764513718712 -1.1783672389253403
4.236430514196922 -1.1503964388533325
4.248811885471286 -1.1303909112073165
4.237413657614785 -1.0970465126012923
4.249047838115594 -1.0773217218454518
4.260889094261268 -1.056736380967116
4.236871663484708 -1.017792951383984
4.247754660799238 -0.9978991499619061
4.220479651999965 -0.9576548630138552
4.230672012307012 -0.9380239780281721
4.240464288084628 -0.9186621818084939
4.218783231883976 -0.8834656503892375
4.22801429127261 -0.8642035355766
4.2136681910505684 -0.833440875390306
4.222482393341247 -0.8139864408951543
4.231168480903522 -0.7942531048384305
4.212703826333133 -0.7636712892319711
4.2207870445428295 -0.7441932131005955
4.203384848876311 -0.7014471375972404
4.206463000967185 -0.6934813812472774
4.213982522970694 -0.6735669278972031
4.179517819980303 -0.6396853354365333
4.187067183827457 -0.618281392641733
4.142211430211938 -0.582467451827888
4.147800294447565 -0.5654760213563479
4.153865605219434 -0.5463739002077851
4.096529732682116 -0.5081612599613877
4.1024200947704195 -0.4880643614543854
4.007842575730177 -0.44392144763386693
4.0122559286085835 -0.4276152717881721
4.016824566711426 -0.41000282984195213
3.8530294511753658 -0.3517533425811559
3.8567416258989264 -0.33604885861039946
3.7352453162951864 -0.29293163931499144
3.738200106764091 -0.2791226867464823
3.7411404451871233 -0.26463428780731574
3.635828377967652 -0.22973293235807815
3.6381446908354884 -0.21690256926992046
3.6157728020024167 -0.1993000098123231
3.617896681927911 -0.18588080091549192
3.6197833728011095 -0.17306797346115
3.590803101899108 -0.1561696913855632
3.592403765924568 -0.14343729992198181
3.5909689919290093 -0.12960270160609658
3.5934167711025027 -0.10469197892520746
3.5944747898811684 -0.09183668296676416
3.5695086225556487 -0.07637788795186906
3.57021303073615 -0.06469515202327232
3.5748304004603537 -0.052435962412875396
3.5753274435606417 -0.03976682553593991
3.5756844052087864 -0.02724296879675748
3.5399121028077207 -0.014156195551060964
3.5399989575880593 -0.0015416543512143841
3.5429537190300247 0.010285725809872595
3.542775061561895 0.02267506719298724
3.5424681468205366 0.034864502010625076
3.519053238911579 0.04604181231776699
3.5184692230813264 0.05853714222486751
3.5247768789877942 0.07075289742813788
3.523962955608021 0.08268176595163783
3.523018263993884 0.09465188184163166
3.5129154554187227 0.10650440878262807
3.5117308947410857 0.11823035853022158
3.50544252603455 0.12948290093426493
3.5040419420902857 0.14092689631688357
3.502457280828245 0.15282978750490037
3.496809426519096 0.16398195601605528
3.494513822866118 0.17866306712635482
3.4930351925656304 0.18749684747487028
3.4909846112198015 0.1990818376486866
3.488769199446798 0.2108616378955109
3.48645306925725 0.2224875913427547
3.4839449782154346 0.23440197141137928
3.479481608570281 0.24529259417788712
3.4767683400560463 0.25694151445990004
3.4739944903902176 0.2682998967786907
3.466969007432943 0.2796178413076687
3.4640868069048283 0.2903932977378888
3.4667420986620145 0.3032198788703679
3.4633399229434874 0.3149431826132099
3.4599300613093433 0.326234984532272
3.4524002819783233 0.3368659176763739
3.448817630962463 0.34785999623740294
3.4526751032669125 0.36144726719397885
3.4487356763050903 0.3727230624000943
3.444579001547494 0.3842183097225322
3.4355805223409557 0.3940012458711688
3.43149097169096 0.4045866721977377
3.436418464020779 0.4192383181876499
3.431857266502058 0.4303424003824167
3.4270733244323592 0.4416382979763664
3.4348921066910796 0.4587181351423755
3.430120396050185 0.46933566840951807
3.4251004594922785 0.4802010495081398
3.4198786858807724 0.49119391902395143
3.419899146055818 0.5048264373768604
3.414412997072379 0.5157618358997041
3.408776801399179 0.5267004508815625
3.4181344489373107 0.5453689062342282
3.4122525227648657 0.5562102391687569
3.4331519160053983 0.5824028832813024
3.426666419797474 0.5937609472340161
3.420462370586188 0.6043612745846788
3.4617951087273306 0.6443253425736998
3.4547970243828097 0.6557188706703283
3.4805195786745076 0.6880686303713197
3.473229567409051 0.6993849409581113
3.4579093002655235 0.7223495777057739
3.4994269047563 0.7678160463926123
3.4909661652084996 0.7797908863087979
3.5213608709848936 0.8196772517424168
3.5123489167694726 0.8318659070798494
3.533712323924391 0.8666171972572183
3.5236759740932504 0.8795915559198964
3.514788790594151 0.8908282395420739
3.5199296522630403 0.9146986246748083
3.50745777311366 0.9297597973509788
3.4970661952316506 0.9358470832780053
3.486997579660944 0.9475232249455685
3.4766324766029792 0.9592843740641954
3.438305507259078 0.9450596137786594
3.428032066450549 0.9562249057357869
3.389357239462906 0.9404239749827406
3.379391890580842 0.9507978358539128
3.368667005441642 0.9617220141853474
3.3152082124836295 0.9274712544346155
3.3050098751564625 0.9374252641513797
3.2565693764519263 0.9062548776832918
3.2463551657934797 0.9158012520927733
3.2367558552584526 0.9245802500003424
3.1905128994820506 0.892162180185016
3.180864265361695 0.9006192309079015
3.1484916394752633 0.8822750510105294
3.1389212330671534 0.8903057965230358
3.129226645916097 0.8982636021157481
3.1104342344805067 0.8941181121519104
3.100717408239067 0.9017533552977357
3.088652606842925 0.9059810081278987
3.078957142202898 0.9132695106329094
3.069061057176202 0.9205440248952046
2.878708742852773 1.0346197076782935
2.878471228033617 1.03472957044051
2.9006051391150205 1.0850896251884592
2.9004094686676183 1.0851798761808074
2.900235016826913 1.0852603042312836
2.921277293706771 1.1317181553133029
2.9210143039098644 1.1318392532163386
2.9438078819895868 1.181894237013617
2.9433838781757338 1.1820892356073205
2.943192335521382 1.1821772653163425
2.9753500017853325 1.2532411481616845
2.9750461095536993 1.2533806173254614
3.0096421609086867 1.3299268534932993
3.002943743843112 1.3329770597277555
3.002785714947491 1.333048529444912
3.0396648551260648 1.415145884040423
3.0244598028185665 1.4219208679331619
3.076577400066003 1.5856919693685552
3.0591677962964936 1.5930077891603744
3.0421206788418167 1.5999553224398875
3.093760958582558 1.7827688387299712
3.074233980757727 1.7902451058979574
3.092065003877358 1.898812005020042
3.067082153343226 1.9077322665119874
3.0509459133596843 1.9132983086493143
3.0496221888463926 1.9770058198595224
3.028030162724849 1.983970542802438
3.0069363407030028 2.0030669680103177
2.988884212391202 2.0084482528550227
2.966729615999655 2.01481178831892
2.9460413477097647 2.0215525831873142
2.924214836182856 2.0273220774030407
2.8978903144096826 2.015410934478879
2.8763038841192192 2.020621342551084
2.8543013204524765 2.025681690255193
2.8300816320602236 2.016649148901319
2.8079828325660396 2.0212357626787107
2.783612097050124 2.0097158403607223
2.762293217004385 2.013668201296483
2.7404093904003415 2.0174829483609686
2.716880857000202 2.0091646329922335
2.69541895071063 2.012432270552485
2.6723004870364737 2.004590093949309
2.650894308290369 2.0073816393669386
2.629005872622376 2.00999634584356
2.606793964558034 2.004360560433769
2.5853552185784507 2.0064566885297412
2.563216382176046 2.001355643704877
2.541434420297888 2.0030128069373396
2.5201158381981488 2.004404197115431
2.49890882325294 2.0055625257475067
2.4770405083159672 2.006521557342063
2.455442542543648 2.002232535065869
2.4338203104251246 2.0027144545847637
2.412186963038803 2.002962924752201
2.391260525341976 1.9989808957523088
2.3688568801058305 1.9987573905012228
2.3483479511497976 1.993330897229453
2.3269682350976915 1.9926621292419984
2.3050821403662107 1.9917395913930467
2.284969265990575 1.9806624978105818
2.2633243458245915 1.9792866809928582
2.242076907006811 1.9777048052476043
2.2210819248925526 1.975916071699364
2.1996040284772334 1.9738534531715992
2.1774071136708746 1.9523517631194613
2.159969474192796 1.9502846834964165
2.1409009697158896 1.931700984237942
2.119061651644526 1.9286458058501303
2.0996934513003147 1.9257250522356726
2.0821646339587656 1.905676961106849
2.0613515429605402 1.9020886473939098
2.0237935158901714 1.864422881567838
2.0066496494620654 1.8608813776626612
1.9939361628325445 1.8253800043127575
1.9729008158278343 1.820573065515216
1.9570029266021867 1.8064754614887446
1.9377033699774164 1.8016330996819976
1.9178322668283951 1.7964170665767334
1.9084851892322205 1.7586043303699426
1.8892209363872539 1.753106028788586
1.8829061453571874 1.7074161606036877
1.864679663472352 1.7017896865652715
1.8460864757959983 1.6958289441166827
1.8379329282923655 1.6520004863504143
1.8226762160560328 1.6467307759596346
1.817225285846782 1.6076298182553206
1.7995282833045951 1.6011039058877077
1.7825509540014768 1.5946337120465983
1.7730701051027484 1.570490339634129
1.756250948990927 1.5636713719080868
1.7482170532252195 1.5353836622465356
1.7315826223194843 1.52821536741871
1.7154685511276444 1.5210656447059454
1.710179473439859 1.4834566529347226
1.696984616441471 1.4772492580739562
1.6884231931059057 1.45424188080608
1.6711091119504067 1.445641405507699
1.6394021425264904 1.4360069286764277
1.6239659208343955 1.4277241007889416
1.6085634390174794 1.4192438726096939
1.5858757267220784 1.4236578478200779
1.5701310490590126 1.414537918991253
1.5399349197916012 1.4279975692577773
1.5263514910493217 1.4197278904100803
1.5111337601244481 1.410250264176362
1.456165292745415 1.4629617374974824
1.4404654894687137 1.4527128150806288
1.4024868062597111 1.475441773949094
1.386720714249756 1.4646590350895579
1.370986582344586 1.4536479581677004
1.3385405410926132 1.4660845190834118
1.3229316828508295 1.4546559181447185
1.292872943816156 1.4621305281901804
1.2774714258266644 1.4503398223052342
1.2615330025692593 1.437862613659954
1.2180540400654507 1.4607000882434416
1.2025764625406994 1.448039319886879
1.152043061140672 1.4761749485588949
1.136109365745978 1.4625557988141742
1.1205677592842238 1.4489796897876135
1.080600818057596 1.4629032089272738
1.0648689582604125 1.4485596644195793
1.0221685632572726 1.4593250261416995
1.0086706988540284 1.4464618127599027
0.992981786523542 1.4312053475813722
0.9429177611578623 1.4505334705723905
0.9275386307020319 1.4349193412610874
0.8932645855409715 1.43392761003301
0.8800075029386543 1.4198671800126996
0.8991587700051575 1.3698538616756055
0.8852049274124942 1.3544075782660894
0.8708407203841209 1.3381688598845236
0.8580482095842876 1.3172580142226427
0.845790610446602 1.3027728786799542
0.8313430521417984 1.2853401806277558
0.8223119605895806 1.2646677232780579
0.808742046664612 1.2475504502611794
0.7328124484555267 1.2752594512392943
0.7212452285768973 1.2599934195955815
0.7069500793167085 1.240718729637907
0.6559360479977234 1.2504227010600062
0.6429229197837674 1.232069857669929
0.4237502885979123 1.3529457040780188
0.41022043643679784 1.332967474631783
0.3957415483282891 1.311096128780234
0.21545846345612318 1.3950778742115146
0.18590817492687872 1.3476874230118698
0.0639814775428671 1.3894392619820395
0.04902890679280736 1.3639864071552101
-0.06747398336936694 1.3959932454690844
-0.08208611642586972 1.3698443381077814
-0.09759029587246992 1.3413678518451488
-0.20553256450325508 1.3662225497015825
-0.2203878163394104 1.3375095109867363
-0.29783194179674455 1.3415930134810654
-0.3120343968484418 1.3126455844251752
-0.32652477405805147 1.2822759673516821
-0.3589164080172189 1.2623534582569842
-0.37264814550950787 1.231900264308229
-0.41026924768260464 1.2133044776680941
-0.42277424140958564 1.1839200066028688
-0.43610194242803946 1.1516278792022632
-0.482203089787431 1.1360058755216833
-0.4941308894061067 1.1052648528680427
-0.6050828607404921 1.1113473804727945
-0.6168269531469628 1.0790603017283207
-0.628551679758977 1.0457010677192033
-0.6633405635310581 1.020972865371661
-0.674121075292152 0.9880387717314658
-0.7236192080843553 0.9606388722545346
-0.7316713978762008 0.9340547391476165
-0.741989039080154 0.8987373800505741
-0.7741272724543036 0.8730292425009611
-0.7835237681467326 0.8381171861051584
-0.7921853391102882 0.8044978314261219
-0.8008397193476191 0.7693432855667584
-0.8091931260344545 0.7337189378864396
-0.8148895875391071 0.6989885120176369
-0.8226865830165835 0.6621111595834183
-0.7327809191280252 0.6067657807979665
-0.7387705653137613 0.5749785546608945
-0.7441030636811186 0.5450659821994072
-0.6115227338345117 0.4892155185579354
-0.6165929478047856 0.4569113560138712
-0.635363647212944 0.42519704747109216
-0.6396908564781376 0.3930706005836706
-0.6436645683413396 0.3610138438114603
-0.5808112859018122 0.320574605732248
-0.5841074271230746 0.2882826102783632
-0.5789724037518553 0.2565607485273129
-0.5815529001112747 0.2245936415797387
-0.5837980524818276 0.19248164069763785
-0.549717827941528 0.1589991683120184
-0.5512662377440503 0.12705744351309234
-0.5595051911287272 0.09407456448007227
-0.5604563000208413 0.05674059981097548
-0.5578299755190321 0.031714916381468554
