3.605920974087396 0.021059135225339268
3.6055364622311252 0.051001559698324844
3.6048155438425526 0.08152156168282852
3.613796409683167 0.11138116920788486
3.6124065621048134 0.1422157847420047
3.608778581890772 0.17134432558933713
3.6067726693898328 0.20155193466268442
3.609272529319184 0.23398473457171964
3.606790351151668 0.26208572010298214
3.60379145738969 0.2924285613078874
3.5697386096275983 0.31857814479053237
3.5660464772574008 0.34918603301380935
3.578136306013109 0.37996666329013085
3.5739387659888653 0.4094871457618314
3.569438402661838 0.4388928500919641
3.5635990765850583 0.4683258949686754
3.5584226104394237 0.4979093313210316
3.5596129348922663 0.5297513091775167
3.55400770737746 0.5581590702528698
3.54774699903735 0.5882061112239825
3.529750642210562 0.6142193674502842
3.5229920449591763 0.6435202584915591
3.5369226139074286 0.6794516947378454
3.5298077749808368 0.7074952379021163
3.5219473747941485 0.7371583878999441
3.553674673152541 0.776271083087764
3.545211444215493 0.8056892245452253
3.582025193929592 0.8500687150701495
3.572913230329312 0.8793368052485119
3.5632090877047213 0.9093715069354434
3.5754674987741275 0.9452005941854291
3.5652042803833526 0.9748175663936243
3.5591458238952516 1.0065204034103787
3.5483056280606773 1.035753433385575
3.5371911394716866 1.0647786934371324
3.4430462522367558 1.0608536697100304
3.4315764248684024 1.0889947291317976
3.3450939386513046 1.0857190444311033
3.3335237576647225 1.1124506143413393
3.3212612437982063 1.1399696226308498
3.243724102728109 1.1363263218572826
3.2315816352247326 1.1620825062093545
3.170068120593541 1.1651858666093575
3.1579828599893096 1.1894527447513994
3.152862922806916 1.2192358535084573
3.1398641174969875 1.2439999644895676
3.1265278732196284 1.2687663516708472
3.1275126291474145 1.3021420664271965
3.113622493887182 1.326664974957602
3.0977987513595995 1.353886959184653
3.0964604867848573 1.3834848147471146
3.081802744571016 1.407528768753299
3.1112230802742147 1.4604806993616086
3.07951753226177 1.5094885955552009
3.0928936997138523 1.5542002708185716
3.0764811036138893 1.578142510956754
3.0592926831146867 1.6026529792891655
3.081069480624034 1.6546437757310783
3.063106022559622 1.6791292775287936
3.0848727696731784 1.733430248497475
3.0661801442879435 1.7577973585243192
3.047068910710208 1.7821630987425479
3.091167501523647 1.8566508772415686
3.0710023440941194 1.881262701782771
3.1073437483479838 1.953124119701428
3.086221475361417 1.977806958627729
3.0895433314205274 2.024136194416718
3.068151576321358 2.0480782277127356
3.0459424817419505 2.0724088324234695
2.9995800088319386 2.0737349842125172
2.97743777068872 2.096972521226289
2.9259018113619604 2.10253216109717
2.908882993841015 2.119601971665473
2.8860748739767264 2.142053131965448
2.7847029545648496 2.082806563783962
2.7627714207985505 2.1034869502082576
2.641010783265517 2.0171862323295997
2.6200238075379927 2.0361420235324714
2.5981535849689603 2.055481618712091
2.4757094814606373 1.957786181824492
2.45488628985708 1.9754190359625141
2.4336812319777446 1.9929913778748962
2.299820901089015 1.871080240036898
2.2796562748421003 1.8870668531666808
2.1324202571637065 1.736772080124448
2.1140862901901416 1.7506850721744078
2.0204651056179492 1.6632600295711337
2.0026603011005317 1.6761793460595973
1.9845301862098292 1.6890403304710364
1.8996551707312916 1.604301563137035
1.882815814990339 1.6157149843975604
1.844322192667721 1.5956315858937125
1.8275620051612884 1.606476058193496
1.8101289750310818 1.617494498847726
1.7853383025829377 1.6163407528930822
1.7683568944381722 1.626571217313911
1.7270774080072953 1.5963218596393633
1.7101704834963756 1.6060216969181873
1.6926825110304506 1.6158075177756692
1.643652628520691 1.5662347341283582
1.6270746628267165 1.5750519045765041
1.578123944262173 1.5215794844062136
1.5619998912579307 1.5297180020261585
1.5455998438665943 1.5377782261516484
1.4775908066737298 1.43728622713475
1.4625336633589723 1.4442888024616614
1.4155613704110492 1.3810243297124316
1.4007656116462734 1.3875246591910642
1.3860218398003235 1.393815770924208
1.3458561651573415 1.3390134603355266
1.3318244601553542 1.3446481858019466
1.3183612600929577 1.353108496771357
1.3038957401657005 1.3585617700505417
1.28941996869864 1.363843500640386
1.274701636238028 1.3690359223018727
1.2453615550381798 1.3788597047176243
1.2528715324905042 1.455157508677223
1.2373965413512193 1.4598836479713002
1.221548788483307 1.4645383637611737
1.2151935601040509 1.5047708488830198
1.1994901258731574 1.509015784983659
1.2142841919525362 1.6343086025283702
1.1968959556955354 1.6386181984686146
1.1789030522821147 1.6428720208742058
1.193076922599171 1.7893335443454823
1.1695779155225154 1.7943344627906004
1.1799680071725591 1.92587468790815
1.1595036827913976 1.9297994978907582
1.1385922495919234 1.9335781050984935
1.1332183741408506 2.0288177629188207
1.111242291800271 2.0323051532176253
1.0962711295786478 2.0820260367675982
1.0740915460794689 2.0850618274688566
1.0546808786225492 2.113712054671602
1.0323530026448304 2.1162828455010287
1.0097216580038444 2.11864528087269
0.9866241658506052 2.120804663499344
0.9639414242997989 2.1226785459410835
0.9380367477002758 2.103475660967897
0.9179372063304249 2.104698271810707
0.8954418443124206 2.105838278300175
0.8706850095082312 2.0457792230421203
0.8491085227879035 2.0464108465773903
0.8259677184968363 1.975829364493824
0.8051514797212211 1.9759932849725683
0.7813137640856304 1.9759116439222055
0.7637675404222368 1.9146572040114507
0.7433574250947401 1.9141621192334004
0.7243006620115944 1.8744720884099921
0.7047328619143087 1.8735795078941704
0.6845611883722027 1.8724448939207694
0.6669755100674001 1.8351851364584915
0.6466378536819187 1.8335975709180876
0.6320163806911067 1.7821003068413082
0.613335505804824 1.7802405361655091
0.5913790361555811 1.7778012525152034
0.575161957865306 1.7758231485170581
0.5564560226221803 1.7733545418451981
0.5536660558751769 1.6497101527152909
0.5376626863128682 1.6472410673145017
0.5184929607847475 1.6440735345088011
0.5164449155340979 1.5634952875124168
0.49988785292224874 1.5604017749209278
0.4974893758866775 1.4855111316643064
0.46511962094318804 1.4785503480513493
0.450141470574338 1.4750779672234662
0.4562527343405458 1.3839486324830297
0.4412849164062909 1.3801447347297884
0.4441446967199421 1.3115822517583324
0.42918691937935766 1.307432085899925
0.42439956666500184 1.2748197184223977
0.4112017475794302 1.270856765695769
0.39744374645574776 1.2665660119916433
0.37801541779725173 1.2802472465829293
0.3637989251980316 1.2754734894703252
0.33540175735143923 1.3142999935052382
0.32154588676043183 1.3093195414123087
0.30738820849858295 1.3040589031457759
0.2790824602931009 1.3360392647020936
0.022788380110345896 1.2051133133064706
-0.0051189516696505954 1.2478014560267041
-0.006138057138732167 1.247143308859327
-0.16992409103573192 1.4949151339218254
-0.33384228958326956 1.7449821381184878
-0.3347199312848279 1.7444115562403717
-0.38621368203487516 1.8218597916835597
-0.39103517132637444 1.82587930068325
-0.33264720727232544 1.7350199721784767
-0.2881663860530317 1.6661314222666483
-0.2999370349130739 1.658384309871097
-0.31724544403701005 1.6467733960015702
-0.3003851177752288 1.5843590478735543
-0.31728379080176805 1.572487815791153
-0.33395615949558555 1.560507746966359
-0.30167728132304483 1.4824696178393217
-0.31734281973426315 1.4706984813986468
-0.2589345208833369 1.3629870434019458
-0.2734947292121557 1.3515491357526446
-0.28760092229419 1.3402239491311991
-0.2343745212994932 1.2467836017875937
-0.24753683693438866 1.23574535211163
-0.24589171032290058 1.1816067578842964
-0.2590354459876112 1.169840982416765
-0.2587681725938902 1.1456919117730535
-0.27082941602850097 1.134426886920466
-0.28301252708283164 1.1228017929187943
-0.2949948165105323 1.1111194138413143
-0.30708784617267537 1.0990707442456773
-0.37674422862995516 1.1437456099964238
-0.3886512563289435 1.1313660728639623
-0.40085247762478615 1.1184070488790798
-0.5108184189017653 1.1953372213178488
-0.5235250612175659 1.181252476115516
-0.5364353393716483 1.1666261542064738
-0.6534052413100935 1.242319284456435
-0.6668377750753776 1.22643016173442
-0.7703505683749248 1.2848502217786129
-0.7838568199759561 1.2681634649427698
-0.7975687578964528 1.2508457394072159
-0.8859680772869634 1.291854342551551
-0.8998773412819991 1.2734963779281203
-0.9486582235073862 1.2815687329831331
-0.9622586776774835 1.2628017868812222
-0.9922448628094223 1.2550706560720934
-1.0055055277587248 1.235918196820764
-1.0186491340665307 1.216494688504253
-1.0087695171933082 1.1824862932280809
-1.0214167004033683 1.1629110901060782
-1.009173561418248 1.1279694254124149
-1.0211101649523389 1.10859450075637
-1.032863714039844 1.0890521593367644
-0.9828550631272819 1.0339965299174925
-0.9938293134491742 1.0148386050059703
-0.8838843283859792 0.9286886284520233
-0.8935787676693216 0.9108896517688967
-0.9040554269537657 0.8911364103600634
-0.7594652902974874 0.796284502145667
-0.7678925873336482 0.7795600262867497
-0.6745468401697028 0.7132710677894795
-0.6819802779868636 0.6976951022172784
-0.6895174089868827 0.6814557126659099
-0.5906075572992504 0.6186231660568592
-0.597100743482053 0.6038157935677854
-0.5943223910838222 0.5848154150860703
-0.600427241278092 0.5700417018834962
-0.60647735875348 0.5549463391300411
-0.5712857110508984 0.5240224219130624
-0.5767221846911881 0.5095684705504469
-0.6113559329430722 0.5050499287658503
-0.6166047302578965 0.49013471434999595
-0.6217835728481256 0.4749025920957044
-0.5916078118880712 0.4481871237464266
-0.5962632723252235 0.4334661167330825
-0.5879232599038564 0.398503481312086
-0.5921020252328042 0.38365081955174357
-0.5883994423293457 0.3666646813364515
-0.5922455611139064 0.3517787622336284
-0.5959190742090146 0.3369064235948131
-0.5477998314865171 0.31003969785322044
-0.5510497440787676 0.2955564058258526
-0.560972443528915 0.2825845147118536
-0.5645277290779971 0.2648850252038494
-0.5667182670623592 0.25334004515287556
-0.5545384958670305 0.23632702599212502
-0.5569995746590086 0.22175922613336616
-0.5464514152448643 0.20521351413857267
-0.548545915266047 0.19096574148066314
-0.5505575624430232 0.1761768160909931
-0.5473600083434627 0.16146209436491332
-0.549047975030333 0.14669206204344576
-0.5455378292896353 0.13203011001486084
-0.5468613745142807 0.11776433178811911
-0.5480786390544092 0.10289792478574021
-0.5351029562118974 0.08800054723837032
-0.5359830320555803 0.07343934953128485
-0.5276912626294796 0.058965338439952705
-0.528248881633439 0.04467559109310526
-0.5286503018858759 0.03048565725994064
-0.5328994110050851 0.016375595937145594
-0.532998237782248 0.0021675030384044687
-0.5319451106740236 -0.012092235176454776
-0.5317419093779971 -0.02621996960804026
-0.5313797215346685 -0.040645259087232787
-0.533863028012378 -0.05508559250520963
-0.5332127143425247 -0.06905692083663846
-0.5323817969134996 -0.0835688174713124
-0.5314319141241033 -0.09754003307271267
-0.530298143608221 -0.11194574182397822
-0.5290357730448105 -0.12605123548455377
-0.5274104791820986 -0.1421492868696543
-0.5329155157472607 -0.15588530360561345
-0.5312632841220963 -0.16941684788842762
-0.5293417108766836 -0.18388750833988646
-0.5352450952188728 -0.1990490786061159
-0.5330324412587624 -0.21336473596099284
-0.577799357974921 -0.23679723217110293
-0.575404984241815 -0.25033004079169624
-0.5726150072542249 -0.2652018888705052
-0.6284944267221486 -0.29183500959233777
-0.625310872443958 -0.30700637923835183
-0.7018519112720087 -0.34064767224893
-0.6982107855502773 -0.35632070113988784
-0.8077826815624727 -0.40085389965395646
-0.8034631274238135 -0.41779779677763196
-0.7989030582050254 -0.4349229937156891
-0.9046902574870537 -0.483751099253245
-0.8995380314343917 -0.5015520707843923
-0.8940014526644358 -0.5199452647834973
-0.9865506645495274 -0.5690885019025081
-0.9804123561784972 -0.5880109199385095
-1.0496106969392796 -0.6332181849629658
-1.0427347018053026 -0.6529577465368817
-1.0356803630824674 -0.6725344634986528
-1.068563130380558 -0.7074431622274748
-1.060994589749584 -0.7271197541827458
-1.0909745511791198 -0.7627163606432782
-1.0828085859249919 -0.7826575424584707
-1.0743616575304673 -0.8026763835940607
-1.086695441777664 -0.8320001862832631
-1.077743019057182 -0.8520124144529929
-1.0863288067573875 -0.8811853566629723
-1.0771364934571765 -0.9006012352485947
-1.0672027135047464 -0.9210201011272833
-1.0805844065236874 -0.9524002782128692
-1.0704062684564186 -0.972236797760163
-1.080039146210314 -1.003301454557299
-1.0692658330195408 -1.0232332312360466
-1.0581170189730922 -1.043341815419352
-1.0797995883634155 -1.0820880313489905
-1.0682946635788526 -1.101833040910819
-1.0809055319071041 -1.1372767385475062
-1.0689599028832606 -1.1568028705940319
-1.0557798244080911 -1.1778307362774474
-1.0729140182389751 -1.2159284848558882
-1.060101719220149 -1.2354394336244277
-1.068120234702205 -1.2701211708715738
-1.0545568105899548 -1.28984496599181
-1.04057034699171 -1.3097258483265937
-1.0625734363077568 -1.356184424907141
-1.0483559273726613 -1.3754985880568356
-1.0723416062136168 -1.4251125954258541
-1.0571595530427382 -1.4448416503347687
-1.0415646790717008 -1.4646666968274877
-1.0669212385498221 -1.5177091582551643
-1.0505205868172087 -1.5376636686108223
-1.0705251134921743 -1.5884746771022475
-1.0536859584665321 -1.6080933951061471
-1.0362881731451121 -1.6279317384851824
-1.0528631568882079 -1.6783617374827944
-1.034775236284589 -1.698116554396909
-1.0519963916698085 -1.7514309478943235
-1.031561548370513 -1.7727896926964035
-1.0141600119020153 -1.7905933237940095
-0.9929052835792902 -1.8076522464549047
-0.9735762307737743 -1.8266207470721147
-0.9609893755210797 -1.8539593898739735
-0.941620100344106 -1.8721667730406348
-0.9215407360182246 -1.8906471099149702
-0.8947923476624842 -1.9026252648129864
-0.8747848884586746 -1.9202602889687805
-0.8095847961194556 -1.8866999719354138
-0.7896135674503968 -1.9035568565655248
-0.7694205370830669 -1.9202393542946405
-0.6952339399832761 -1.8734685651811958
-0.676799702279892 -1.8880338024903107
-0.6186135482915252 -1.854659160224252
-0.5987165485843566 -1.8697104098539605
-0.5788786651532085 -1.8843881306103862
-0.526359047330792 -1.854500384891778
-0.5062944451573215 -1.868687994971639
-0.4570949344163806 -1.8503732936531148
-0.4413149711701083 -1.8609960081496557
-0.4226694931149313 -1.8732987777196881
-0.3785759442975487 -1.8493803674536886
-0.3591030623228366 -1.8616468759981906
-0.2905078879765082 -1.7946566652875464
-0.27055517822013275 -1.8066299040993592
-0.2518500823389531 -1.8175839469701358
-0.19510431921623805 -1.7624821683855947
-0.1764420863059084 -1.7728894077439137
-0.1159031730000818 -1.7067777763049243
-0.09730665485624601 -1.7166274398222503
-0.0794104635238767 -1.7258639102329942
-0.04523415231855177 -1.703873008106631
-0.02726122567268119 -1.7126712657420666
-0.00016596229260290585 -1.7034254996296
0.018667475159886093 -1.712145871597094
0.036198849409176836 -1.720038314211673
0.07810697204102246 -1.6750661050192077
0.0955319802543102 -1.6824686651333471
0.12775615044702848 -1.6557346426097999
0.1465279316795518 -1.6632327726223395
0.16314969326886675 -1.6696678372707732
0.20363592116981 -1.6165020524209113
0.2204547885083521 -1.6226078848067702
0.2762447235155895 -1.5741541888756447
0.2924973179966539 -1.5794689068669288
0.30949254000322585 -1.5848291490528286
0.35923464135829886 -1.4807940095170065
0.3746833598140616 -1.485304936900482
0.4252668626888816 -1.3665518928313576
0.4393901268271116 -1.370346496098791
0.4668970228050637 -1.322701178113889
0.48221675855292634 -1.326465156517649
0.4943473402530868 -1.333416833398183
0.5090487460160298 -1.3367016749466412
0.5227722395612735 -1.3396151569917865
0.5417328324664865 -1.319970859592823
0.5557367938788444 -1.3226339199247137
0.570181975587281 -1.3252202366606975
0.5963968326889503 -1.3416388300362019
0.6110010501346269 -1.3437739381866975
0.6248697750500579 -1.3476685068328125
0.6396113289818318 -1.349502306114749
0.6509942372964873 -1.3779670833082858
0.6655233905632711 -1.3794607792592006
0.6805289016462487 -1.3808412858319916
0.6951315967187287 -1.3810241192655677
0.7100355724363792 -1.3820750347839839
0.7234262736351471 -1.4069177177186307
0.7385132071970544 -1.4076577617840238
0.7537418142438601 -1.4082404554090011
0.768797300377745 -1.3976517418642898
0.7838227351479232 -1.3979063974751333
0.7989693275756032 -1.3839996162262305
0.8135827607791443 -1.3839333468811337
0.8283043693917637 -1.3837105415054602
0.8427853898966482 -1.3743341698478546
0.8574676613288882 -1.3737985543380762
0.8719218024489068 -1.3490842280348918
0.885431696193137 -1.3482961192874374
0.8999270710503612 -1.347299365572216
0.913035748014595 -1.3312095701544446
0.9271011861858899 -1.3299403326729136
0.942562008227898 -1.3323948640737207
0.9560933612105287 -1.3308774784276725
0.9712623727839418 -1.329010609313716
0.989052892660297 -1.3609316675633552
1.0035974633533837 -1.3588318780909092
1.0226377759219203 -1.3821839315852795
1.0376862507905351 -1.3796757757477438
1.0522328242079815 -1.3770906296943806
1.0714123037425316 -1.3999326274421822
1.0863505915129963 -1.3969535921927245
1.1057798651020052 -1.4132992160537694
1.120573250403908 -1.4100173017113915
1.1359511172134433 -1.4064326670136182
1.147008631744106 -1.388288878258082
1.1618448746667667 -1.3844960406867879
1.1767582674003627 -1.3805122990924337
1.182957199233033 -1.346604538665896
1.1973473717982999 -1.3424287936888808
1.211733469330581 -1.3380865256899508
1.2258868673408636 -1.3336492703205687
1.2256107042294293 -1.2843148089332805
1.2390272688852275 -1.2797906302107303
1.2533065149551725 -1.274802809653005
1.265260902496446 -1.2662279781335557
1.2784800765545823 -1.2612921217308548
1.2858663013466776 -1.240224954278739
1.2991992403619457 -1.2349186687478881
1.3121903000394528 -1.229587368406774
1.327694989706373 -1.2295454435842506
1.340821389884078 -1.2238285109621587
1.3477440691899654 -1.2042862760437065
1.3603762001745565 -1.1984604767275078
1.3732453064285577 -1.1923585109595305
1.3626267793781859 -1.1385741553041375
1.3746716648889703 -1.1325424837831644
1.361890718664347 -1.0783945568663
1.3731679059235489 -1.0724432626573837
1.38470142137625 -1.0661989719750216
1.3970600534668598 -1.0616229521605827
1.4083038819629246 -1.0552205395976881
1.4381426732295772 -1.0794859557230976
1.4494019564928151 -1.072750250013163
1.4608202575745435 -1.0657544685241127
1.4946982961402955 -1.0940796485355948
1.5062877702440316 -1.0866340624164668
1.549242444721603 -1.1254064861318314
1.5608691312665375 -1.1175787064389269
1.5728417793390943 -1.1093329455614231
1.6647403283395708 -1.2133936560503238
1.677587130131334 -1.2041348882196914
1.8262839805168474 -1.3765283111271251
1.8408428820112204 -1.3655530363067474
1.8552737186581647 -1.354432124068744
1.8697897789202134 -1.3429962132924431
1.883983885650435 -1.3315659711971408
2.0333256426488777 -1.4806204304901147
2.0483781126293827 -1.4679513234122923
2.0639538554283225 -1.4545616698331767
2.1265725575377123 -1.4940579806646908
2.1427757127468587 -1.4795125498816037
2.174084881404398 -1.4820026108937394
2.1895012196978003 -1.4675582988277927
2.2053618735339597 -1.452377018689403
2.216455200101886 -1.4331363040912501
2.231605308531151 -1.4180025530955258
2.2196957251696485 -1.375860838869624
2.2486375115804575 -1.345354362256272
2.2098406364547554 -1.2811613402693862
2.223150941991716 -1.2663595051596097
2.2373506468169495 -1.2502192280135904
2.195126994295368 -1.1889111277923057
2.207735716003136 -1.17395449396011
2.165527970397351 -1.1135427077856024
2.177049686203935 -1.0992625535901988
2.1889403990948377 -1.0841995055165232
2.1581130219752054 -1.037405426793872
2.169120134610885 -1.0228348141332855
2.2149901487878125 -1.0331054538784719
2.225658450090952 -1.018332943434643
2.2367999204025413 -1.0025517386804792
2.223125374738749 -0.9713100266005159
2.233430103369908 -0.9560372057367514
2.2764508994516532 -0.9616323317715585
2.2865707421906825 -0.9459130131585273
2.296614380581553 -0.9299405334947471
2.37730844662879 -0.9571431785231888
2.3874410131693953 -0.9402425377038226
2.4694122310269835 -0.9644930289522624
2.4796607483733872 -0.946532498318865
2.4897401817494593 -0.9284191500509372
2.641279674303024 -0.9867168595896953
2.6517745328507427 -0.966877489388088
2.955343551299693 -1.0960009926413512
2.966787239117221 -1.0731994504279105
2.978361830039793 -1.0495064256238187
3.3966213571419512 -1.2177772898335282
3.4095397812212074 -1.1898429014890892
3.6718630815634894 -1.272117699252965
3.6851703139978795 -1.241641356924525
3.6985020619421505 -1.2101928759156966
3.7712037338764857 -1.2043190490058808
3.783926136718012 -1.1724422419083673
3.931029384503499 -1.1912829191152032
3.9434538781516704 -1.1581009092187189
3.95572306989341 -1.124238367136842
4.054640753325384 -1.1201239068931497
4.0662621321842565 -1.0857696274344548
4.117835155009161 -1.063120822947859
4.129677874904621 -1.025427349630705
4.163780063695078 -0.9990318729087387
4.174276038824788 -0.962986092221948
4.184230150416125 -0.9273981286451098
4.204693946913871 -0.8935654021100233
4.215192889871459 -0.8525593967410315
4.222982317593238 -0.8207265399900427
4.21502605068991 -0.7801320869630205
4.2231695340411095 -0.7435854632876947
4.227021590362781 -0.7060623337831843
4.234293573669589 -0.6697974692784096
4.241303734871433 -0.6327950729580015
4.200572955550597 -0.5877963711846805
4.206638469822745 -0.5515571918883342
4.138232766022224 -0.5035652885730068
4.1433767884214765 -0.4681961668408802
4.148322740162005 -0.43140564172713725
4.107989152968524 -0.3908564491505598
4.115625744887341 -0.31966688887068934
4.000208307286307 -0.27497416237841227
4.002975029282368 -0.240613719046982
3.880641776263211 -0.19802839781669876
3.882585270932651 -0.16503650332297112
3.8841588534164897 -0.13241286528387064
3.8853933061437003 -0.09958487035513479
3.886284863620859 -0.06644351424161651
3.7218292002989015 -0.03159310495480175
-0.46796428907441845 -0.00951638755015348
-0.4677905324693752 -0.023047034104588266
-0.4674647575168769 -0.036838681473209706
-0.467007758337449 -0.05015316852116393
-0.4663819320841276 -0.06403750534547656
-0.46664535196140333 -0.07726934938623643
-0.4657407666864597 -0.09089175731590166
-0.46462108538703206 -0.10533048179195166
-0.46350370897888116 -0.11798041107154442
-0.4621537280693564 -0.13163953327410743
-0.46466185439595864 -0.1454626894972551
-0.4629760278151618 -0.1594382424772526
-0.4612580305116576 -0.17250269699298715
-0.45935237129237705 -0.1859048275873082
-0.45730923202158325 -0.19925484956029604
-0.4728528033789905 -0.21570058166413134
-0.4704686372020319 -0.22932606019816315
-0.5061513179383323 -0.2507363847708532
-0.5034983098975165 -0.26418205104495235
-0.5005350564838702 -0.2784036042448031
-0.5424363415588751 -0.30206070393552203
-0.5391125996654131 -0.31647029152408335
-0.6305758627303364 -0.3551460276750301
-0.6268569717453027 -0.36980424846373
-0.6227483795909838 -0.3853090297037296
-0.7467162529731324 -0.436025036882921
-0.7419625273870316 -0.45254896324508126
-0.840142044547697 -0.5011577333603665
-0.8347700893828705 -0.5184127263668611
-0.8290490152676513 -0.5361196749378776
-0.9237811443614212 -0.5870430702631871
-0.917406887646004 -0.605437513097814
-0.9793061595020793 -0.6490805733943675
-0.9723155803700791 -0.6679322447505204
-0.9651481164996172 -0.6866499303268397
-0.99574947263979 -0.7207696105649266
-0.9879565948456317 -0.7398893261481843
-1.0147706328005148 -0.7741682958664862
-1.0065205543449578 -0.7932291514620393
-0.9977768102688327 -0.812851487333093
-1.0062702829812213 -0.8399117006084261
-0.997295219802474 -0.8589492958697716
-1.0064926644281704 -0.8881178150263676
-0.9972811424303216 -0.9066143033640917
-0.9872879485321968 -0.9261591596651034
-0.9986049839024007 -0.9562369538359436
-0.9883536897163712 -0.9752743616428359
-1.0012696162580665 -1.007731992915536
-0.9905199952692705 -1.0267103518232061
-0.9782739493086661 -1.047777534217145
-0.9902284287132976 -1.0785092364123343
-0.9788018411612918 -1.097252937968816
-0.9930154181644508 -1.1330210546254469
-0.9684186854159524 -1.1710407136695613
-0.9556778112249391 -1.190057319280213
-0.9776276632190763 -1.232318502238072
-0.9642058027354032 -1.2514579040442113
-0.981630208251774 -1.2923601669212572
-0.9675998423185692 -1.3114845776582238
-0.9534884818865641 -1.3302928789898685
-0.9612676226003585 -1.36615422320457
-0.9464144358343978 -1.3850911949432148
-0.9636318170426177 -1.4291615772595323
-0.9481096375359961 -1.4481065897073213
-0.9326067842374868 -1.4666198318631298
-0.9636349588299125 -1.525718103711499
-0.9471253432174969 -1.5445960750588301
-0.972364517099281 -1.6003962067336428
-0.955010028272179 -1.619408472456559
-0.9775633349574679 -1.6758632373242408
-0.9596693595079531 -1.6946423649870408
-0.9369826505542711 -1.717888317578724
-0.9541110386898339 -1.76302679047894
-0.935139870093685 -1.78170104989902
-0.9232492111584967 -1.8084291958054703
-0.9042068158341252 -1.8263852629893051
-0.883941756351982 -1.8450864915266718
-0.8700767710326658 -1.8683895682798874
-0.8500083793234026 -1.8861358244205417
-0.8139351699593715 -1.8856132337168763
-0.7938796163854371 -1.902596060247948
-0.7734562738722408 -1.9195206053106293
-0.7235878711646544 -1.9007303856254723
-0.7031037053858866 -1.9169703312402144
-0.6425929691539443 -1.8803790908610976
-0.6227430368892812 -1.8954424947708295
-0.6020854582232373 -1.9107737615528781
-0.5338278084915258 -1.8589909567544143
-0.5137203422433787 -1.8732546176043285
-0.45909103610210034 -1.8369046689491912
-0.4398101902228706 -1.8499728895904202
-0.41956241377609405 -1.863383084313214
-0.373047973380243 -1.8339267848386163
-0.35314671140150256 -1.8465052564192446
-0.30609820020535783 -1.8144342841509769
-0.2870356052198184 -1.8259185614326787
-0.267193657646535 -1.8375861060312277
-0.20631525287979557 -1.7756718761701085
-0.18697995937873813 -1.7864914104984508
-0.13138491422970044 -1.7291090600495198
-0.11308298920273707 -1.738843136924258
-0.09422786806957839 -1.748614457211119
-0.039136217289306496 -1.6845695025238328
-0.021076012964850288 -1.6934456533747235
0.013670580549805633 -1.667939460564178
0.031144068449374007 -1.676065797192765
0.04927568317594255 -1.6842651216863254
0.08400817977077801 -1.653650420543848
0.10157979145490514 -1.661148160850147
0.1367432350059129 -1.627003215635906
0.1537928240021048 -1.6338498357220057
0.17145567012882912 -1.6407257617855582
0.2029061519223555 -1.6098347544353213
0.22005929174909156 -1.6160933682536522
0.24929368494401372 -1.5882328401583494
0.2833314188963557 -1.5996295125123028
0.3004743791886236 -1.6050654672483018
0.34193905512037726 -1.5288545289778186
0.35853552072220674 -1.5337291526002845
0.4047548812846764 -1.432472441665706
0.4197038263629008 -1.4365134250388965
0.43485984030755087 -1.4404404408998566
0.47937586497193363 -1.3237235980511584
0.49391105740910995 -1.3271599599232908
0.5221426775295166 -1.2648400327114624
0.5387536022916715 -1.2683750705861503
0.5504947726717123 -1.2646217385194116
0.5639326300977537 -1.2671989570968862
0.5776640806296547 -1.2696801719164332
0.5899557330318372 -1.2788656715675057
0.6038083608107235 -1.2810639487208377
0.6185462601534484 -1.2751543201886193
0.6321303322157118 -1.2770136156823046
0.6459234515425805 -1.278751116212787
0.6579034244041481 -1.2942227641344948
0.6717437300511946 -1.295667522637972
0.6859567685431481 -1.295991952659768
0.6998178520366185 -1.2971370541424847
0.7148074911014909 -1.298207701574589
0.7263172197641513 -1.3149372030240514
0.7403714853133512 -1.3156494366799478
0.7543499840889677 -1.321211593972488
0.7682845788345833 -1.3216195110773374
0.7826268603983721 -1.3218858400105444
0.7965404789523979 -1.3269954904648777
0.8125489043817654 -1.3269406637068657
0.824955934299253 -1.3187638914313855
0.8390138675196022 -1.3184228904798199
0.85322357505688 -1.3179257380665137
0.8666768402486734 -1.3113059135741183
0.8807948612299026 -1.3105118047537154
0.893695510300352 -1.2926086613316332
0.9080202943631717 -1.291490462994479
0.9216238942035339 -1.2902804456236512
0.9344192921885934 -1.28197209559628
0.9502304035728801 -1.2802155388224006
0.962285335440238 -1.2817673228402453
0.975787049593377 -1.2799855128849138
0.990805429142249 -1.2778330439497338
1.009177834055087 -1.3134476136260718
1.0244630468562859 -1.3109219429836365
1.044296356597747 -1.3470264623061667
1.0585610631525744 -1.3443612522761172
1.0731774699281917 -1.341467506100551
1.109256286727927 -1.3654158887017736
1.1230883517123533 -1.362209204559929
1.1423009237282087 -1.3781255667082064
1.1572057634663855 -1.3743376741348527
1.1710426525002522 -1.3675585362336697
1.1866388044440395 -1.3632312477705621
1.200470890922267 -1.3592321602742947
1.2031331767009363 -1.3177130347093828
1.2173984329450558 -1.3132640816587544
1.2229237170296081 -1.2830964615233962
1.2371718487073144 -1.2783120803222618
1.2502670199556714 -1.2737584585549329
1.2554581121010802 -1.2463895491062655
1.2689353280648357 -1.2413817535684681
1.2726037093156737 -1.2121248838057348
1.5051271391049093 -1.0933419948477814
1.5053601051328056 -1.0931917133270987
1.5024529602272862 -1.0867363243528407
1.5037664700949502 -1.0846943143439507
1.4718056429871074 -1.0339082058145583
1.4723256488583343 -1.0335701339953762
1.446579214908614 -0.9930560502047004
1.447420494505391 -0.9925077850044274
1.465812885356029 -1.0199103890508614
1.4660234463379864 -1.019772900663707
1.5124717778909307 -1.0741996861426353
1.5236831042028671 -1.0666788479628262
1.572950665933352 -1.1129116173502673
1.5848209105942952 -1.1045728306879274
1.5965321908328245 -1.0961575931256695
1.7030532777060583 -1.21519166291756
1.7158944391324713 -1.2055427725162704
1.826417991563049 -1.3211340229498585
1.840531101953614 -1.3100473372619779
1.8542041384693972 -1.2990699112957684
1.9742066325122027 -1.415330273881101
1.9891482982236681 -1.4027998163785715
2.0672654943836415 -1.431706033634204
2.0831912374704125 -1.4174499102540274
2.097669708974051 -1.4042070098141521
2.154324639630919 -1.4347591332654348
2.169733151240017 -1.4200563701466546
2.198926070067622 -1.4195262767857304
2.214375690655219 -1.404133329026689
2.229159809664534 -1.3890828767354497
2.2363774779404597 -1.3671535176655933
2.251121549744029 -1.3514937098886137
2.2334767376941516 -1.3071895204941528
2.247372389381105 -1.2917868115355688
2.2614907318945874 -1.2757918484557829
2.228320318212168 -1.2208775813251265
2.241521014313094 -1.205262695553857
2.196211150984901 -1.1423705273970517
2.2082196664547187 -1.127534199485834
2.2204110592632835 -1.1121368722970018
2.1795727487404624 -1.0570823198467967
2.1909542463032556 -1.0420605954986222
2.163921151268906 -0.9995999665472692
2.174529254590693 -0.9849620948413967
2.1851398825460393 -0.9699837657303059
2.197863968932029 -0.9568763370266793
2.208040051695019 -0.9418382094726717
2.2396499627822726 -0.9411737271412763
2.249716207632482 -0.9255932785666142
2.2595584078983992 -0.9099940955484767
2.2973762284997425 -0.911522589036545
2.3070403802588397 -0.8954542379537279
2.387355187209394 -0.9206131161565261
2.3971260505479064 -0.9035559632149228
2.504900045432918 -0.9402791261550121
2.5147154761581745 -0.9222580093572762
2.525322889380645 -0.9022582376344489
2.6569303999259057 -0.9481742929604327
2.6669651882299585 -0.9282596543734278
3.0307247069233973 -1.0790511025533145
3.041970164133973 -1.0554874623287036
3.053372490518618 -1.0309201806997104
3.344574275347183 -1.1319747158136344
3.356455696844625 -1.1048797536703556
3.712215681906554 -1.221459709551463
3.724966420605961 -1.1906029725847125
3.7376028432165933 -1.1590744305374814
3.8713810748878448 -1.1736959967644045
3.883557590779718 -1.1413222964372423
4.055816421692558 -1.1650851592210199
4.067924721302073 -1.1306776799348128
4.079871644368793 -1.0955391350680068
4.108637998716097 -1.0655940096734484
4.119706658414828 -1.0305938589358352
4.1294779586613295 -0.9559668000450585
4.139502365239913 -0.920336869063183
4.149175256426778 -0.8844891755915535
4.160392141240112 -0.8490704665054003
4.1692587125406995 -0.8131738608493196
4.177783236393542 -0.7770047669987424
4.1859279920296535 -0.7407075217587863
4.193619057029655 -0.7046316028714298
4.202484251067869 -0.6604974801126221
4.207946412689308 -0.6317097816545809
4.1789578478719385 -0.5895285084748999
4.185097120785746 -0.5531884695545066
4.1908431382451425 -0.5168005532270945
4.169384544530366 -0.4771339341106441
4.174410708512194 -0.4401833371201558
4.141095378095617 -0.4003831595710626
4.145281087676545 -0.3637573977716975
4.1489162689050465 -0.3286104439349152
4.094430891655863 -0.28805225238410387
4.097408327923766 -0.25168893288938265
3.9940691799957273 -0.2105304571823782
3.996174652922207 -0.1756945873315734
3.9978478041211165 -0.14202260974137632
3.8652666064482757 -0.10310010374909896
3.8661929841113487 -0.07035328127632419
3.7557769384328825 -0.03631377463630991
3.7559960921862903 -0.0048065558751131604
3.755878188552863 0.02683532070690547
3.6454485541214563 0.056022547676038884
3.644674690306056 0.08684414967137193
3.6235931963767642 0.11660815312338725
3.622216577327322 0.14618341444519714
3.6064851033114316 0.17602660279350685
3.604484301510846 0.20545511086177468
3.6020961646639087 0.23579882098054403
3.5745488385587167 0.26314965789921535
3.5711558093486957 0.2967566011278847
3.5264181003921244 0.3188563028296623
3.5230385357042877 0.3465344615899652
3.5191080449750354 0.3761335397861298
3.5258781351283055 0.4063550078803369
3.5213610430438136 0.43558015726555355
3.516176702846124 0.4668191501169963
3.5085049510856345 0.4929603736048207
3.503010811853277 0.5222466380976409
3.490429146624842 0.5496426175175314
3.484433234383477 0.5782164042445211
3.4779774989304775 0.6074146155815344
3.508453783748033 0.644153786995746
3.501307776384987 0.6734926111265033
3.544370204812272 0.7150721494637102
3.536565523880176 0.7443823839334314
3.522501934925712 0.7725821731866156
3.5142734926407044 0.8010114900224785
3.505431213905392 0.83038662490818
3.5832077286128916 0.8865640074971858
3.5736450626119414 0.9160426118082069
3.5332610247864853 0.9357377679580601
3.5231000273736663 0.9649078924527136
3.5126754828364435 0.9938373734258872
3.4494691433273887 1.0030963356308462
3.4387375739542403 1.0309961279277882
3.3206811329597086 1.0167057715686276
3.3097958492124215 1.0432874940667596
3.2985360398076553 1.069972736934114
3.2073209055853704 1.0615870466107016
3.1958981004556 1.0871215627671298
3.163800123357361 1.1042327548192576
3.1522810333476343 1.1285632193869277
3.1398327951651694 1.1541505493953332
3.1239669729574038 1.1769462641103043
3.1113891505355653 1.2014596101353054
3.0982177268314723 1.2264665833513682
3.0876796304622074 1.2522722980120176
3.074035281784057 1.2768819589928058
3.084532833068679 1.315068718596559
3.0705508221271813 1.339064958893923
3.100215682332255 1.3908097694338941
3.0856070149909938 1.4146888608538488
3.069488702460851 1.4404044672947125
3.094801949799299 1.4898254968946314
3.0791035843198964 1.513731433227243
3.1097210338748376 1.570362297584908
3.092951382017593 1.5947485568902735
3.075658689308475 1.6193290369084452
3.0999224940518957 1.6746287712069527
3.0823665856663283 1.6984780742281689
3.133066548839065 1.7757884104498973
3.114148665329923 1.8003721711778753
3.0947163786817793 1.8250755440281314
3.1146409204464334 1.8816818034393834
3.094307111585925 1.90642174707651
3.117194924619482 1.967792591031309
3.0963346836749217 1.9920961373768078
3.07478241498009 2.016671754276671
3.0197300619520737 2.0106773615043867
2.9980607330689377 2.034343632167497
2.927361881055 2.011843787930398
2.9038886675672284 2.036378273917249
2.883899770439035 2.056829051419718
2.799941478933693 2.0163913511123064
2.778380398820707 2.037550244180992
2.755889646648364 2.05914926368482
2.6226732063045883 1.9592953792165575
2.6016593701934956 1.9786357708769895
2.500113516728929 1.9085989705109858
2.480043239756818 1.9262893636594205
2.4589107818069875 1.9445181968818213
2.3146197015666488 1.8137519564775544
2.295379326261002 1.8296474170154184
2.180455865324567 1.72965620973967
2.163436688003924 1.743103381272864
2.144493268680576 1.7577561976772034
2.0459659190815684 1.6655236199127357
2.028294485446968 1.6785984204152486
1.9530015928989606 1.6121139310769756
1.9355594694306193 1.6244471956288546
1.9137962270957831 1.63944562718841
1.8681856591428083 1.6014382278444725
1.8521407126715437 1.612025099289405
1.8275591452334323 1.612410060452098
1.8105814205021724 1.6231048002318924
1.7928814675290876 1.6339921638237085
1.7517745322557086 1.6061800147397634
1.7351448112984884 1.6159186804729728
1.6800576736151513 1.5587169374556396
1.6635530308733073 1.5679209683110704
1.6463947752556258 1.5772494680360425
1.5750098263162107 1.482662729387003
1.5595527648298626 1.4906403313473415
1.4981403014155865 1.4073525214172014
1.4832951553794849 1.4146196416828538
1.4679387496076939 1.4219348883730614
1.411946940283915 1.340968658200912
1.398216204022781 1.347150093064828
1.357646533110854 1.2939518322215264
1.3441860963934635 1.299670147572854
1.3300456541802672 1.3055009017555723
1.3159759867935943 1.3132744500112599
1.3028515852253104 1.3183555223218024
1.3008350679438685 1.3575615031068244
1.286710343022877 1.3626892683200207
1.2568257293990022 1.3729964504539223
1.2542745526069725 1.4138103235065642
1.2390618312810189 1.418608370309494
1.2384830784675036 1.473126467720155
1.2231143533759146 1.4776140375508355
1.2440204216975093 1.6192241553026459
1.2272857989112773 1.6237203718771134
1.2451955479665464 1.7678037006610112
1.2247205638988383 1.772834296430846
1.2073134493557187 1.7769143912901224
1.214095096130693 1.9024547961411624
1.1945631941331878 1.9066013966834854
1.1884568623942737 1.9853539397444468
1.1673936550060209 1.9893594200800713
1.1456668129270864 1.9932494712004394
1.1092307500575322 2.037669586370385
1.0870499894418069 2.0409123703778804
1.0673989821715455 2.057698419189173
1.0448907228570268 2.060498370263506
1.023078612994076 2.0629738079831843
1.00025953959409 2.0542619396760395
0.9779136702757166 2.0563177589879014
0.9545389249798376 2.0351409584267315
0.9325757376587369 2.0366896360968307
0.9109204936200604 2.0379837202723388
0.8873208462730267 1.9990938121574389
0.8656938464854764 1.999921328086168
0.8437462741485124 1.9595117410972875
0.8226805716094928 1.9598687689923187
0.8014596227975563 1.9599994565053556
0.7813138897951659 1.903908303801791
0.7610610409523718 1.903601785423697
0.7421852695069295 1.8571002818744102
0.7223455165461281 1.8563765192437425
0.7010875581420647 1.8553652817829973
0.684594488858272 1.8213474594371377
0.6650133940289351 1.8200009934635784
0.6496523022290908 1.7706282980272814
0.6309440060985585 1.7689400981734784
0.6109457547604669 1.7669146816858223
0.6030194971589525 1.6794879224038761
0.5838771101659364 1.6771320450369354
0.578475140332549 1.5946870340443973
0.5614323755466176 1.5922265820424775
0.543966557689792 1.5895115213230717
0.5376962446633013 1.5225707668073314
0.5216430618561908 1.5197178734841554
0.521735772740828 1.4352745451055196
0.5064203612959324 1.4322203027950655
0.4908366785759798 1.4289373816532576
0.49583229629725917 1.3378587399363964
0.4812414019247276 1.3344575512743324
0.4767557609260008 1.2932138886918403
0.4629355570015377 1.2896807982078884
0.449043486761229 1.2859698774914148
0.4353700381588328 1.2821598928868851
0.4216685381377607 1.2781839871337697
0.3994421534083921 1.3017670342783665
0.3856729190583887 1.297450218697582
0.3652668194788833 1.3118426208025085
0.35156268617931596 1.3072214715086687
0.33697738088096973 1.3021267427497807
0.2974906338492811 1.3676013077395046
0.2832131419273345 1.362270290112569
0.24884085485373308 1.4068918212576387
0.23371617703686232 1.4008724538123567
0.21897932180209378 1.394824709956934
0.12598599595800364 1.5704732160579102
0.10921991381772156 1.5631710950929218
0.09244549187781514 1.5556502235515453
0.014710903156742616 1.6794752258902486
-0.003323354586958094 1.670924171820839
-0.1241255604589725 1.8701304629641187
-0.1439095220144797 1.8602233237572299
-0.16390134797189737 1.8499432940979457
-0.22472617391266003 1.9173451093891052
-0.24534612670391875 1.9061813857513965
-0.23431585617001116 1.8391005164686611
-0.25379408123298086 1.828009309155273
-0.27374883613589285 1.816359941447954
-0.24919327261119895 1.7331674693195123
-0.26764102220576125 1.7218648749839334
-0.2527680969286574 1.6580034179968426
-0.2703311579932699 1.646720137797794
-0.2462793902621212 1.571573554598296
-0.2625154732479451 1.5606424539620516
-0.2792346741066638 1.5491276636242355
-0.2266615039145652 1.44059958225035
-0.24191384778679859 1.429607125678278
-0.17846643919981287 1.3123918726354713
-0.19234699933160593 1.301927967637825
-0.206105461527905 1.291325210891401
-0.19190758767674976 1.2452242117423236
-0.2050683435966758 1.2346261072486013
-0.19459680782374356 1.194023948615278
-0.20673564453869253 1.1838071388597313
-0.21929646670244574 1.1730092552780262
-0.22049150196970113 1.1493328910318468
-0.23295609133729922 1.1381435381221339
-0.2558900647308402 1.1388174441949428
-0.26773646422102204 1.1277179802471848
-0.2799242897566736 1.1160522068404972
-0.3676089763619015 1.1813595042657896
-0.38009747765272395 1.168884486695618
-0.3927742030889143 1.1559458034205605
-0.5174760980382709 1.2235443314804135
-0.5306527371893166 1.209201097010162
-0.6567686807789206 1.2962735092184996
-0.6713038117023888 1.2797519656832028
-0.7587670945536897 1.3283633331798377
-0.7728547443395646 1.311652375139283
-0.7871743946502692 1.2942880054170909
-0.8591807513115512 1.3244803639455123
-0.8735076431772646 1.306331186272179
-0.9006213382252413 1.2990331265879982
-0.9144043815490306 1.2807878889673676
-0.9307784753723072 1.2636672304004368
-0.9438276589868195 1.2455978868609836
-0.957455610401053 1.2262947351554034
-0.9568123459485307 1.1990577055016236
-0.9695332732836872 1.1802037937330647
-0.9504573944123162 1.1400964478267812
-0.9624553237436626 1.1214598663383464
-0.9743629063762003 1.1025231410161886
-0.9089645446129826 1.0370348042644184
-0.9199428646751322 1.0187234866503763
-0.7984102585455453 0.9234720598785668
-0.8082228949674652 0.906275410734764
-0.8178736387497407 0.8889324434616356
-0.6543377034944888 0.7793598938836767
-0.6626270843483615 0.7636897355147645
-0.5664771150299548 0.6948591901237341
-0.5737323563137728 0.6804031255194298
-0.5810705895165442 0.6653818653768865
-0.5453902847674128 0.6309682889444281
-0.5520837220692865 0.6164946135330499
-0.5385570045873771 0.5929259190405393
-0.5447594204689261 0.5787210909065589
-0.5509732628727504 0.5640631551545929
-0.5141506221574723 0.5326651314692263
-0.5197776861715968 0.5185661569014565
-0.544940681880757 0.511718244957246
-0.5502776509433602 0.4974648383181281
-0.5555479097243636 0.4829191075551978
-0.5077188151798395 0.450067217673801
-0.5123883000612515 0.43626362427130966
-0.5227534530159943 0.42384466793185444
-0.5274749047768412 0.4088170461070775
-0.5315162463586383 0.3954560477259159
-0.4856674448300775 0.3669171858936282
-0.4894601627547326 0.35335745169521826
-0.5028757802536885 0.3419410785915347
-0.506893415527516 0.32624929187788804
-0.5098741993744578 0.3140677981155068
-0.48684966797336027 0.2939692705655688
-0.4899182943003897 0.2801977766313884
-0.49480495640457156 0.2667660489458057
-0.49755247338988173 0.2530643767893861
-0.5002010681623423 0.23908404871405384
-0.4750916848688702 0.22040234839553316
-0.4773660330195977 0.20681396879267136
-0.471613547720551 0.1918201899007356
-0.473573030186617 0.17834723653950607
-0.47545706275128463 0.16433283627402448
-0.47215073700170507 0.1503113513545073
-0.4750875350347292 0.12293403922046037
-0.4792862598242895 0.10992117823595551
-0.4803922595263257 0.09618555892164778
-0.4813553743835317 0.08236749685670397
-0.46618662894156193 0.06778953230111266
-0.46683298546553575 0.0543892170974901
-0.46933900187965616 0.04096948019145503
-0.4697057909940041 0.02733503825294896
-0.4699257646747448 0.013731431653866762
