2.6619296861452635 0.017835216140781148
2.6675867702060105 0.04329248880201564
2.667036885340222 0.06608903469489788
2.628219021321715 0.08910663847377819
2.627152682545457 0.11265402181268792
2.625814025533818 0.13657204595721753
2.6181944125266194 0.1605912458251923
2.616418118749136 0.18348493911092592
2.5813590925244636 0.20531319845749602
2.5765191696828262 0.2514861904820638
2.5737607270332354 0.27430877056328135
2.5370726921906765 0.292522321016523
2.533687213426779 0.31627183760029437
2.5303170738391105 0.3382279777155786
2.5266040389328004 0.36083827623285714
2.5225120296802825 0.3841766310728521
2.5132282247268396 0.4066576818625845
2.508679548678742 0.42962141588149233
2.5296206592083785 0.4565083218002386
2.5247830908458653 0.4785194007096155
2.5189617247945733 0.5036717272744282
2.5091352396929727 0.5229508014003481
2.5033903388277303 0.545598829293251
2.5100605215832243 0.5711747501911565
2.503704463894328 0.5941578313807505
2.4970640248025426 0.6171859329885601
2.502152487520644 0.6419960429868459
2.4948276890157075 0.6655080415239998
2.5125626445050386 0.6951655004686855
2.5051046557877297 0.7174331942284419
2.49720441442711 0.7402091894238026
2.5193442662818146 0.7732502059349191
2.5107654037126874 0.7963701466589602
2.6401658540351396 0.872280314127869
2.6307803654463795 0.8960105809302236
2.620919355803221 0.9201810772987047
2.6856104843775435 0.9752998070867495
2.674947839076707 0.9999186614321289
2.7469805805694456 1.061818324587548
2.7355869560827313 1.0866506202897972
2.6407119177541625 1.0721315691809767
2.6292168434895284 1.095832224705307
2.6174398460815507 1.1194715400624653
2.5532466042847215 1.1175889499884633
2.5412822568059474 1.1403448148205126
2.4643820825977456 1.1291304694539934
2.4533890189437426 1.1490006687906036
2.4408087937896186 1.1711995846955223
2.398888533789456 1.175672415890174
2.38476360842593 1.1993641726631994
2.3698115108917603 1.216169236396942
2.3569032591831665 1.2368325004616838
2.3432882593744235 1.2581159489401297
2.3473766668638274 1.290201580123947
2.3333156399891752 1.3111775761403355
2.304302146018356 1.3512432559202228
2.289572754360367 1.371765215326215
2.2958286679778577 1.407179683506446
2.2806740174454436 1.4273703934528055
2.2650357406947084 1.447743998755077
2.2795140995740417 1.4908479967798123
2.262909751936489 1.5115449897836086
2.2448363323599843 1.528854115605724
2.2284970593511857 1.5483586483576943
2.211129206768553 1.5686385805499974
2.186658448413914 1.5798976513404865
2.1697280479438588 1.5988394654626268
2.1243685371875967 1.5921564458172786
2.107491276589122 1.6102430066210665
2.08995863467757 1.6286340328872917
2.050333138368962 1.6248866213989368
2.0330158081670224 1.64228967307129
1.9838564361460378 1.6275256648295202
1.9665341436489863 1.644205515372679
1.94839333076448 1.6613004223330825
1.9026404262109229 1.6463634925242532
1.8851088129020956 1.662195179225511
1.8167886466796022 1.6211474117549525
1.7999051825080503 1.6357489049322647
1.7813059879028206 1.65148501894017
1.7189055461062352 1.609673619231617
1.7014227423641772 1.6238410777096706
1.6476298354374617 1.591195711949442
1.6305342200950732 1.6044530323992068
1.6130394346417165 1.6177204115681127
1.5570485365474305 1.5770778941046155
1.5399862004249174 1.589455083618521
1.4993360128903555 1.5680195568813342
1.4824116879556728 1.5797499605244343
1.4649922749861264 1.5915453038540484
1.4569327743802263 1.6148662825264875
1.4396149235151383 1.6260691285442366
1.444023690843205 1.6741396396233297
1.4270945887794944 1.6845787917755233
1.4079781770122528 1.6960863759452394
1.3857315787854145 1.6975577323275974
1.3674006658516662 1.7080705347583727
1.3386716729044272 1.7000763190182975
1.3206519770618992 1.7099017331800141
1.3021507519649331 1.7197348693124488
1.2793357451044807 1.7214115276079536
1.2609152308181382 1.7306975372217275
1.2401512084863753 1.7342072963976605
1.2215723813817507 1.7430857185321436
1.2029932840791306 1.7517222341809253
1.1813604198692953 1.7614780425147738
1.164941915089726 1.7686698014436901
1.153949981192803 1.803769504637267
1.1365614238169761 1.8109396094140493
1.1186732791663538 1.8181126801747687
1.099052184253939 1.8257467085249797
1.0796170376699639 1.8330700156046151
1.0714837230805272 1.878599108281997
1.0533636890677576 1.8849776894721515
1.032506697085605 1.8920782959861515
0.994951488719506 1.843366953720947
0.9748327028290465 1.8497395394374456
0.9058278158375976 1.7576629997598987
0.8854519383712005 1.763399391950571
0.8293447957872174 1.6252458418129956
0.8123196796533656 1.629648269342359
0.7946745138806572 1.6340113304665507
0.7504810097433754 1.519093170878358
0.7339160993597318 1.5228200939665795
0.6921319366105736 1.4090351065932163
0.6781336439998893 1.411864963824566
0.6631228814043113 1.4147393220242
0.6390234132656976 1.3682795065010716
0.6241369419663999 1.3707967140484218
0.6170411172447268 1.4205147494570978
0.60207338619174 1.422721106398933
0.5868813426674745 1.4247962534210996
0.5717382049581118 1.426700735598663
0.5556548892278064 1.4285449084503712
0.5542357802756831 1.5694394936036085
0.5379738734852578 1.5709526441734245
0.5210980362485481 1.5723435583919771
0.5137900541839883 1.7112208576244052
0.49526503664294014 1.7123520586589136
0.48236796214789357 1.8381554664422712
0.46080295661483517 1.8389951061563201
0.4431350089717874 1.8394943248080446
0.42472496988638586 1.961844202750085
0.4041828503323462 1.9619955412189645
0.3823845599141465 2.062924791714565
0.35983723695525716 2.062609015898217
0.3379438066031667 2.062066446276913
0.313507798152285 2.1342481343600923
0.28998328895706643 2.133164860785799
0.2621862644512225 2.1696274736217025
0.23987872819144482 2.1680952881076077
0.21727257259362348 2.1663071544158847
0.19406097218525237 2.185317852584085
0.17000238554293723 2.1829168782489314
0.1447596669646145 2.1891707042604023
0.12115868971992355 2.18628989927715
0.09915163320377285 2.183370390061211
0.07329542023393681 2.1796513752340947
0.05223270650204226 2.1763901096938265
0.029506490257923512 2.172636775726444
0.005375386675885385 2.168383594883247
-0.01701940571220323 2.164188257813872
-0.02221658794586112 2.071407529402014
-0.04394772928181162 2.0668590696188076
-0.06919838606870826 1.9729766533110622
-0.08962383091562226 1.9680072419072827
-0.08167488530374517 1.8534331131356276
-0.10227302230742175 1.847957470036085
-0.12148253938718079 1.8426288180516166
-0.10411091629211344 1.7092092277059372
-0.12201627533208581 1.7038259911999278
-0.08618982670402725 1.5274909009252748
-0.10206832013040068 1.522345690676542
-0.1185539148688598 1.5168094268477432
-0.07890448731002425 1.3527289055957676
-0.09293345555436872 1.347680083846025
-0.0528647262752569 1.1982798252894173
-0.06608637874853046 1.193199265648903
-0.07849093751063707 1.1882791855116337
-0.04901266357684969 1.0804108607134708
-0.05996888152355362 1.0757920933107712
-0.028339198713745017 0.9728795047924829
-0.03876843694593318 0.9682206663462738
-0.0492155239910142 0.9634180883736191
-0.031204877661760833 0.8989278911462842
-0.04037029159334321 0.8944735917186117
-0.029641416774196405 0.8495364930315008
-0.03879764645302086 0.8448435508822266
-0.047819544002590864 0.8400962183043746
-0.0505691010481345 0.8238376570542741
-0.05923219856421874 0.8190401625084535
-0.06693512814670266 0.8123672729145497
-0.07559549758869466 0.8073276427036065
-0.08438507797664041 0.802084843538116
-0.09803680471740306 0.8042856091879794
-0.1061105951801804 0.799229670023807
-0.12277576742518825 0.8063662300673345
-0.13131489025001863 0.800765563319634
-0.13992704952614488 0.7949841389549805
-0.1763268962460215 0.8294258910013766
-0.18515073329150744 0.8232245254658119
-0.226940678031617 0.8621492830300658
-0.23623259737851587 0.8553151945528545
-0.287470259012776 0.9043675375492568
-0.29713097448048786 0.8969416951061453
-0.3066731722475393 0.8894430997121735
-0.3609866303298589 0.9368822489828734
-0.3707066093118695 0.9289027518330438
-0.4241024931757078 0.9715611564598404
-0.4344314111342624 0.9627046380445476
-0.4445213575956444 0.9538656491166928
-0.47372931068034385 0.9652984469365168
-0.4836895189228553 0.9561887021639048
-0.5334832905979129 0.9876689456363871
-0.5435645148780235 0.9780424358191214
-0.5539610184841051 0.9679046312590764
-0.6051849774467285 0.9973260054342412
-0.6153958179251172 0.9869282308963414
-0.7113700605586927 1.057361143835808
-0.7225346887088465 1.0455007760137403
-0.7340708917974815 1.0329759011601696
-0.8185537690374151 1.0871134770412472
-0.8302649179210971 1.0738422750723668
-0.851347828280682 1.067779758497613
-0.8620288393129892 1.0551342136156465
-0.8731290686776337 1.0417136720270215
-0.8352029928220109 0.9884318724745509
-0.8458773952240407 0.9749428270774442
-0.8259689686742112 0.9385819558503621
-0.835690738655909 0.9257453204850749
-0.8454821177706041 0.9125296128420443
-0.8383117316976926 0.8866301681873123
-0.8474849030568802 0.8736763798141541
-0.8140651707008798 0.8305942218021048
-0.8229420138435292 0.81746793868404
-0.8315225646387353 0.8044831712258697
-0.822295119963035 0.7800606641246243
-0.8304669272422246 0.767105690868656
-0.8484191487256126 0.7589272884112264
-0.8639208171679221 0.7328200105957612
-0.8716169564941821 0.7193825935873576
-0.8660206047052129 0.6986471415971347
-0.873754144175383 0.684446038922016
-0.8286313533584849 0.6436101285285197
-0.8353789601337439 0.6305615155231644
-0.8422543890268283 0.6169060162971192
-0.801111248850905 0.5804203372417436
-0.8070641577061021 0.5679367211065496
-0.7730853800544285 0.5366290069522492
-0.778671592556789 0.52424543574517
-0.7842826552860404 0.5114436355930588
-0.8725891907891737 0.5337759375304918
-0.8784947826689727 0.5194719344567287
-0.9740092290669301 0.5418741906004572
-0.9797279650017571 0.5271430001357413
-0.9853075070151872 0.5123008012948717
-1.1111767586914074 0.5407123116694602
-1.1169167860730886 0.5243934249489511
-1.279878499493969 0.5607577257050419
-1.2857940022183176 0.5427150100050172
-1.2915311667554743 0.5245601127562631
-1.376433211941479 0.5306609496762318
-1.3820957066419086 0.5113226890804629
-1.4270073822755047 0.5030596635696483
-1.4324038495731015 0.4830332618667986
-1.3666487285855475 0.4456862907775698
-1.3712024978616846 0.42723027932080015
-1.375645156326566 0.40837272045767803
-1.3584484400958234 0.3845244901492826
-1.3626700410502095 0.36468387184526285
-1.3687528014406878 0.3445540993744216
-1.371867874389031 0.32815885742746176
-1.3646539575706957 0.2879937673458952
-1.3675933028283103 0.2693657658213195
-1.370443077232376 0.24995061568228938
-1.3709991274222446 0.23099370266231925
-1.373342588417716 0.2122547151512889
-1.354642769166579 0.19092865843408446
-1.356566209059984 0.17233732384088044
-1.3583299000688496 0.15330023654211833
-1.3649230618765396 0.13396486724638385
-1.3662167843886674 0.11566447399160681
-1.3603415866876412 0.096780670477307
-1.3612638100445964 0.07822270403912136
-1.3620012612760486 0.059334267178528036
-1.355535968879618 0.04036659472758545
-1.355869622575109 0.02139786246203965
-1.3579984844206336 0.002308413904625892
-1.3579256794521335 -0.016164947347745057
-1.3576500385473964 -0.03507623118773554
-1.3611797214062165 -0.05375861705365818
-1.3604990605890355 -0.07271215624037056
-1.3595712749543263 -0.09248204342252968
-1.3964630806505491 -0.11278475011959083
-1.3951447048146526 -0.1321192218260264
-1.4385025657172816 -0.1547039619756789
-1.436713914116075 -0.17466252515180947
-1.4346204227535853 -0.1954300499295227
-1.473312819399935 -0.21839203435992272
-1.4708217061724866 -0.23879309812862107
-1.4870617457941022 -0.26081213077714616
-1.484136442899762 -0.281166969142949
-1.4809191470116012 -0.30194066040391115
-1.5200927855796098 -0.3285539449848898
-1.516429506638859 -0.3492877697314042
-1.5558313191130808 -0.37787279761367487
-1.5516891159615693 -0.3987149290372096
-1.5472319575596192 -0.4199425001813153
-1.6292990473421236 -0.4609841390507373
-1.6244233628832547 -0.481945067214568
-1.665526196182718 -0.5159869503029626
-1.6598757023489208 -0.5381013760180705
-1.6539794540666506 -0.560186935113685
-1.6836746395345616 -0.5914862606692696
-1.6772647622029226 -0.6136180470863246
-1.7070312880526939 -0.6465563789546952
-1.6999946316454166 -0.6690579549339744
-1.692386009376179 -0.692485947703511
-1.7608846335955195 -0.7397523912031357
-1.7527247937383894 -0.7631723019240196
-1.751077496007071 -0.788382271599222
-1.7425802665480141 -0.8111909771435096
-1.7372741191519232 -0.8361126357156498
-1.7284313124368098 -0.8583735481936285
-1.7189571661757275 -0.8815018592791115
-1.7077166394965966 -0.9029837028369753
-1.6980261389589493 -0.9252758076622367
-1.7106445455899473 -0.9582815881417142
-1.7002450844250796 -0.9808642033167957
-1.6896070801898273 -1.0033275887867055
-1.668547663193312 -1.0214497369413185
-1.6581075165693373 -1.0423255010987662
-1.6342911435442509 -1.0580683074818118
-1.6229503385650688 -1.0795929453731505
-1.6112216740001983 -1.1012885080812571
-1.6078919224714432 -1.1279091398131023
-1.5960260928447232 -1.1487771048741473
-1.6143567195298418 -1.1888179029964907
-1.6015663727992884 -1.210228513661408
-1.64199636563248 -1.264853684322319
-1.6283769878056336 -1.2865810488813156
-1.614642792707523 -1.3079825754923624
-1.6613223146379377 -1.3698814967637514
-1.646786159513895 -1.3915068872349716
-1.631721834722554 -1.4134112587324397
-1.6521321204738362 -1.460860965362398
-1.6364659717877559 -1.4826217810859756
-1.6751921376879988 -1.5796333725513383
-1.6581036600307177 -1.6018343624008584
-1.7201556959934594 -1.6879098982903353
-1.7028028495500611 -1.7094795043884392
-1.6837097211001297 -1.7327013009150827
-1.8448805175531975 -1.90618374295609
-1.8241597456799128 -1.930320809010011
-1.9729835659031005 -2.110906202547571
-1.9538590607717814 -2.132210946886491
-1.9300827334397441 -2.158168310240416
-2.0043546589803842 -2.274901904223415
-1.9805552950014675 -2.299794879427397
-2.0783076535502873 -2.4515683091348017
-2.054874455493979 -2.4750328094316534
-2.0274524229071096 -2.501933399297912
-2.173029403275692 -2.7087295342796294
-2.144377009043254 -2.735661096673363
-2.1144248535995223 -2.7632161796719825
-2.31761146820301 -3.049887359869456
-2.284223233363822 -3.079313337981354
-2.2546699416546545 -3.111402818806217
-2.2215231695163418 -3.1393815110127976
-2.1847131825733994 -3.169756735749809
-1.8670561127793412 -2.8363035065926603
-1.8361210343535994 -2.8607557951914364
-1.805583583044942 -2.8843651048718906
-1.7748291179447473 -2.90762434089063
-1.1294523939052667 -2.0914244845983445
-1.1074643588173783 -2.1073282152752832
-1.0842428847733996 -2.1237476448484967
-0.8081110083887407 -1.7675827537657012
-0.7890095505866938 -1.7804879355428467
-0.7691437896881007 -1.7935952160489685
-0.5444044390144415 -1.4816036094616594
-0.528095291011838 -1.4918740331548275
-0.4168860065641683 -1.3442567657555773
-0.40251721855849043 -1.3528839986921066
-0.34296350309300117 -1.2857800095940892
-0.33019739299677264 -1.293072607110953
-0.2881438775541828 -1.2501147962426067
-0.2749131443524875 -1.2573071413064663
-0.2611671568780797 -1.2645896530755567
-0.23981626376016352 -1.2587212354719313
-0.22764695603945728 -1.2648333086120096
-0.18950632048921479 -1.2211544939536796
-0.17657621734297446 -1.2273124563836493
-0.16342618771559259 -1.2334046096055722
-0.06640316048644063 -1.052268545518804
-0.053583045523176276 -1.0578579398075718
0.018987708768088973 -0.9104936210266436
0.02879249720199062 -0.9145348489076105
0.03842044611422629 -0.9183840298109309
0.12574236893932716 -0.7429984870812241
0.13363687734960195 -0.7458650594389906
0.1418108482025287 -0.7487338391538761
0.1496435616282787 -0.7513891493532672
0.15797703927877832 -0.754114637494681
0.22025715933274354 -0.5808239933309102
0.2265364158462589 -0.5827301133222291
0.23849017613675483 -0.5643434918519602
0.24454432971374365 -0.5660411067898256
0.25064381104921496 -0.5676810097423529
0.25976826253612456 -0.5566067371204401
0.26587666072292815 -0.5581101413351736
0.27385651023918356 -0.5507384315543656
0.27961024045273786 -0.5520247329569141
0.28595082185965537 -0.5523484271413397
0.29158194519679137 -0.5534812782675566
0.2976117704115829 -0.5546283895021508
0.30224147793681194 -0.5645992130387901
0.3079992593974351 -0.5655659676187912
0.31417204557227035 -0.5665355789698927
0.31774258891260077 -0.5842377241510501
0.32402862885915884 -0.5850883273207392
0.3288423081486984 -0.5987867591141234
0.335114667075489 -0.599498868698912
0.3417982880386121 -0.6001846055379658
0.34716363046107707 -0.6097149481962422
0.3537532236592416 -0.6102501418910837
0.35951081403658913 -0.6226850133253733
0.36617317508881103 -0.6230824551505425
0.3729663644284268 -0.6234141340616071
0.37894779435803144 -0.6406542005150737
0.38572414022659285 -0.6408410097892691
0.39273173848323933 -0.6439589834566515
0.3994152152013312 -0.6439997344927553
0.406364574284607 -0.6439685490722166
0.41304966204085664 -0.6378665270419975
0.4198447627033149 -0.6376912931766037
0.42653608718608194 -0.6304417784988973
0.4332074731009863 -0.6301255936162625
0.4401805032032453 -0.6297194035142429
0.4465728212836167 -0.6292789304574596
0.45333462291659543 -0.6287419327501106
0.4578730244616691 -0.6032302321996628
0.46410196737063786 -0.602600147510116
0.470750775309818 -0.6018557366953144
0.4753075510144972 -0.5841658777780493
0.4810661291207425 -0.5833946200552239
0.4841570924652092 -0.5607197016226576
0.49012409351460023 -0.5597916110198254
0.4959743336174538 -0.5588183312013715
0.498978573421919 -0.5410205559896609
0.5046700454485566 -0.5399483138095693
0.5109575134201124 -0.5407332338738073
0.5166406889399865 -0.5395358650577414
0.5225801873124695 -0.5382175189256105
0.5305312967403522 -0.5466311192854667
0.5362777363122592 -0.5452269055958321
0.5490506094734412 -0.5698288478267801
0.5550371538094346 -0.5682292503371063
0.5613466625417137 -0.5664699943391974
0.5742379022351027 -0.5887589943471868
0.5805966917348159 -0.586839701225505
0.6014816472589279 -0.6305942798803593
0.6080867831315238 -0.62844561474003
0.6149109711623904 -0.62614477117839
0.6355529631983257 -0.6634235461064735
0.6427535886770095 -0.6608227411223325
0.6640287544111336 -0.6955751698012985
0.6713014591195448 -0.6927708988400176
0.6788948010978968 -0.6897490050160018
0.6968406463558535 -0.7126497250901309
0.7044137598206462 -0.7094478577258924
0.7178865651498461 -0.7188491717302266
0.7252692932060758 -0.7155388786762183
0.7330446916460416 -0.7119531117752019
0.7388455868538535 -0.7047749061009959
0.746309127422521 -0.7011376386016174
0.7445623325316766 -0.6785261962520904
0.751515330869629 -0.6749503479246568
0.7587504625284793 -0.6711327034466449
0.755373360896425 -0.6479434962750835
0.7622012287950849 -0.6441515891925833
0.7557112391431565 -0.6167767135254378
0.762227126172498 -0.6129726821521602
0.7689266464874486 -0.6089639804713618
0.7652419057028754 -0.588937475729412
0.7714401069363316 -0.5850480723488681
0.7745825146252874 -0.5758966398035297
0.7806439552819001 -0.5719083661805893
0.7867403662401333 -0.5678035656108964
0.791644216375737 -0.561996270254025
0.8036390660973278 -0.5534442197006643
0.8072638069628997 -0.5582268280350613
0.812917099622101 -0.554058181818184
0.8196521515699962 -0.5502327431938897
0.8253703330487233 -0.5458242205710719
0.8311177466755044 -0.5412961190526269
0.8489534188307934 -0.5513273326438135
0.8608320787628003 -0.541437711268024
0.8794788752248077 -0.551779854845348
0.8853081110710345 -0.5466598918236681
0.8912265401827969 -0.5413478421680823
0.9057300377515901 -0.5456859251582133
0.9115841369346326 -0.5402015094729439
0.9514713058007438 -0.569849452819271
0.957414448375634 -0.5640373504849547
0.963523633593475 -0.5579337903206858
1.008110524337055 -0.5895851000411323
1.014410810998847 -0.5830165995301843
1.1094603296204668 -0.6585514715607418
1.1161651119464089 -0.6512538156746475
1.1232668815010403 -0.6433576129368178
1.2954819911517614 -0.7791540306787078
1.3034446696453794 -0.7699069611903452
1.4553212099044348 -0.8798710950621349
1.4647593309945761 -0.8684259133973277
1.474004859771052 -0.8569653208783676
1.7502142080571166 -1.0541776853835854
1.761522626791391 -1.0395312100822518
1.8590839459012654 -1.0895480892614118
1.8705673176819233 -1.0739984935584377
1.8820665026672474 -1.0580736655222422
2.0980127781349793 -1.185661674041263
2.11066882737682 -1.167327358987708
2.428063913567225 -1.351268205237728
2.44178013440989 -1.3304521347005052
2.4568379479349782 -1.30705265996999
2.707565737079604 -1.4343044896591046
2.722939684943926 -1.409269392313838
2.8902301012185663 -1.4744456731209086
2.9056705820628212 -1.4480507360534582
2.9215262821488404 -1.4202609649049167
3.0999907192038805 -1.4841196434967467
3.1160887362337126 -1.4544493724101752
3.1517056114632296 -1.4362911361704407
3.1666763346484195 -1.4072377408584478
3.1817056761102585 -1.3772906488813352
3.143339464239563 -1.3214059118778707
3.1570215842437643 -1.2926163328745324
3.084239639254152 -1.223665623876368
3.097030276176827 -1.1952103117801272
2.9747982704661253 -1.107800914607245
2.9867610285228503 -1.0795723140741453
2.9976806100151747 -1.0530263284226038
2.888873160711461 -0.9776432835600841
2.8994170720750483 -0.9503632462483969
2.9092354441584867 -0.9241285006852464
2.7484144819967047 -0.8366590827500453
2.7576137620773102 -0.8103742029850596
2.6490828537375575 -0.7473461828521801
2.6568351104587085 -0.7235988420394472
2.6645070787970377 -0.6992193433237569
2.54440060491639 -0.6369576482264909
2.5515177434008725 -0.6124870609500392
2.510412405369452 -0.5774976010882863
2.5163289040991734 -0.5554241349404904
2.522071273499762 -0.5330642645939591
2.52768688493746 -0.5101887098565876
2.5331526755003138 -0.4868302198979163
2.5049674791759275 -0.4569769267826765
2.5097101160024344 -0.4345563558814835
2.5372263286570154 -0.39267368143950754
2.5416173211931903 -0.36797316419176856
2.545122013198086 -0.3469590011701542
2.507105836236457 -0.31822318409924166
2.5107359265759164 -0.29318057279039866
2.502534497294647 -0.27156709610323987
2.505285386153596 -0.2493460303435852
2.5078921991659637 -0.2262531252718467
2.459415707827983 -0.1989169232402503
2.4614469061513438 -0.17662857390312608
2.48512473916178 -0.15663914624230862
2.48666782943294 -0.13453018103616265
2.4880007190481574 -0.11195533597992147
2.532037651835408 -0.09149563462897674
2.532951521905315 -0.06688650986408722
2.628485960006513 -0.047867797670778985
2.6288772970966785 -0.023387913267410604
-1.1539516941952872 -0.012252840796982007
-1.1007265176716148 -0.02865168681297399
-1.1003625947511786 -0.04373881881703813
-1.0668275889238914 -0.058658540484083546
-1.0661256224110902 -0.07415968790180534
-1.0652443899029795 -0.08990482666600681
-1.1768729164588958 -0.11416131279209975
-1.1756101824381222 -0.1304360111215712
-1.2168540238519987 -0.1521810288886228
-1.2132666050045229 -0.18640509965443677
-1.2112220085358167 -0.20332151683923746
-1.1832369782664354 -0.21671333749856458
-1.1807288674343965 -0.2343080187692487
-1.127863010305565 -0.2425770428956886
-1.1252000223593148 -0.25879314479936494
-1.1222652340822425 -0.2755314085626811
-1.0474434959327885 -0.2785378359969557
-1.0443279064834874 -0.2942667132942935
-0.9953024245593926 -0.29909888668913664
-0.9921329066285814 -0.3135202868744813
-0.9883188160155448 -0.32999979560174864
-1.0423262614743476 -0.35761844955403477
-1.0383976270124284 -0.37310624037265144
-1.151174409050431 -0.419889214802007
-1.146501863439243 -0.4367848284670022
-1.1416202597702134 -0.4537135381119006
-1.256473206726913 -0.5058858719077421
-1.2507013454846252 -0.5244130700271001
-1.4636906063484196 -0.6132710035609537
-1.4571112116256857 -0.6329154348364227
-1.4501416641663623 -0.6530082867129053
-1.6357353834364776 -0.7427452111085856
-1.6274949600378523 -0.7649530619725021
-1.7357987260601244 -0.8316416306077687
-1.7268504981710078 -0.8542663275757365
-1.717448903286599 -0.8773107442465181
-1.7274112878733434 -0.9077941463950306
-1.717486660677837 -0.9307089995543315
-1.6909629007790676 -0.9459910927517167
-1.6808121367274333 -0.9681145860112903
-1.6702229674902593 -0.9905563410911192
-1.6237053067910172 -0.9948074342634733
-1.6130140309637264 -1.0162674407571899
-1.5890460182201411 -1.0323647308013788
-1.5779940385416853 -1.053385296790094
-1.5406770789231672 -1.06146901760826
-1.5303427581400593 -1.0801485250169207
-1.5185163841320173 -1.1010172041421564
-1.5402751572057203 -1.14119819239706
-1.526564416803264 -1.164195236164235
-1.5408812338419464 -1.1983075715859284
-1.5281625633679496 -1.2186673579063068
-1.5147475246795077 -1.2396382201004044
-1.5340384705154446 -1.2813645829998106
-1.5200737520440435 -1.3021969078106073
-1.537739571280348 -1.3749695828978374
-1.5227515479058806 -1.395851885059994
-1.5793382746994573 -1.469164726744341
-1.5635160749695123 -1.4902448199327252
-1.5471889457062495 -1.5115158648586469
-1.5766628066799946 -1.5679072513028205
-1.559200210144128 -1.5896740346911393
-1.6404074627520697 -1.6909279659245275
-1.6223360631388322 -1.7125001745191528
-1.6031270442139673 -1.7349299826617253
-1.7432410150575293 -1.8952147507275192
-1.722931633193871 -1.9179369856136577
-1.8599734215547703 -2.0866950265589903
-1.837853927050762 -2.1103994411446103
-1.814875483710356 -2.1345028909933146
-1.8866662526019002 -2.251408103656817
-1.8626717307461034 -2.275521399346188
-2.050060616548231 -2.517612356030869
-2.023264837797838 -2.543414344123391
-1.9952028934282788 -2.569858381178387
-2.1751845796885263 -2.821493289117383
-2.1451393742871274 -2.8486252062097126
-2.3210501876545075 -3.1135367150983413
-2.28862421257352 -3.141579991590763
-2.252903046901144 -3.1718023935520674
-2.140208279093604 -3.1002267495820863
-2.1065364494933325 -3.127513233762786
-1.7188728263562036 -2.7023571092158187
-1.6898390266105263 -2.724872261750185
-1.660127308882124 -2.7474044971933234
-1.407148915722086 -2.463176363235992
-1.3804999193753176 -2.482507812093345
-1.0518124159789606 -2.0707683860850623
-1.0294617017440721 -2.0862598695385337
-1.006457161065228 -2.1018371140714827
-0.742363610029613 -1.7453943343783689
-0.7236459743277611 -1.7575026954110244
-0.5244345605185403 -1.4823730108575552
-0.5094446257464661 -1.4916163959613982
-0.49251792967075836 -1.501805828067072
-0.4772659542221701 -1.5107658473643975
-0.4609520953860733 -1.520121866644359
-0.28394460203901406 -1.2387270810560713
-0.27081490604664704 -1.2458861753088153
-0.2573343532597221 -1.2530508960232314
-0.22458767616577935 -1.22270979172567
-0.21150367921019364 -1.2293055967953601
-0.19076538012404798 -1.219434814021188
-0.17770138908784217 -1.2256778145360947
-0.16463720805771742 -1.2317507147457987
-0.14780380240966173 -1.234954247762044
-0.136292956557457 -1.239996316424715
-0.10906085686675226 -1.2178904072231163
-0.09732024523703808 -1.222731603287235
-0.08524231636807456 -1.2275748019594348
-0.06233988452191441 -1.2075143192443982
-0.04948584639757686 -1.2123578159471955
-0.0015439005689572016 -1.1233928502157504
0.009291788943440904 -1.1272072097946249
0.021764165602442542 -1.1314533368979844
0.06981267404570496 -1.0230353511874124
0.08097823668496423 -1.0265720211126763
0.13560886170544434 -0.9187128637345343
0.1462591289869502 -0.9217112185373132
0.15582770685747793 -0.924292102780026
0.1910194128110246 -0.8259728289587684
0.19996270920504453 -0.8281842079461635
0.22959294074055228 -0.7385969361935826
0.2376469510489565 -0.7404090001453927
0.24611813207031683 -0.7422158518399291
0.2712737964531442 -0.653441324466408
0.2782210986690261 -0.6547716389632503
0.29193181891226905 -0.618631771117835
0.29866234733268626 -0.6197698606352836
0.30514834959659787 -0.6207955898810419
0.31267392287747403 -0.6148293716588291
0.31923916924391 -0.6157261470942956
0.3238710949489791 -0.6324344944859766
0.3310005814626915 -0.6332519879491207
0.33769930752339283 -0.6339460731930873
0.34365556466423186 -0.6415304393453934
0.3505471557742141 -0.642098447434644
0.3568725742159805 -0.6485676719859262
0.3638937178904305 -0.6489964070718914
0.37090262206732016 -0.6493483984714544
0.3783224241634064 -0.6556417334992097
0.3846214315839714 -0.655819715801129
0.39165752799959863 -0.6619474323244426
0.39858866110091096 -0.6619984955591002
0.4056526521264352 -0.6619758662700156
0.4127905648668912 -0.65687548397728
0.419762927320271 -0.6567026927794143
0.4257128034519188 -0.634479197246563
0.4327062787978758 -0.6341571566474636
0.44025378200251786 -0.6337228361314541
0.44522284309588456 -0.6123323398795175
0.4516074702978454 -0.6118273196004383
0.45601166269038906 -0.5943666323429151
0.4625551598318303 -0.5937136110772719
0.46913724084488395 -0.5929831717075591
0.472620196052978 -0.5693876597935953
0.4783516163979283 -0.5686273157418942
0.48197261007741976 -0.5468907488677198
0.48725740168074877 -0.5460724730765364
0.4929595784425447 -0.5451307336555007
0.49901425189121396 -0.5440635789339544
0.5046332719414012 -0.5430109376456765
0.5142421420553605 -0.5604754526101949
0.5201220913666964 -0.5592447435297815
0.5390474507037932 -0.5846937715187123
0.5451005534419566 -0.583221081058322
0.5544377961234985 -0.5942600164309532
0.56104210741345 -0.5925043794267134
0.5672011901742711 -0.5907958716886123
0.5768065783852812 -0.5994701275624077
0.5830865163201758 -0.5975820676206257
0.6010878696848226 -0.6317694743065858
0.6076552066415819 -0.6296414179155004
0.6144736403980371 -0.627351621958861
0.6362817958296145 -0.6674091046423718
0.6432034052491242 -0.6649181180229865
0.6619615629742119 -0.6931501565491477
0.6696096851308826 -0.6902112848133
0.676785155890228 -0.68736524314139
0.6962716036592548 -0.7128864824536748
0.7035008346463099 -0.7098388855007827
0.7110798319915439 -0.7065503082782661
0.7264965509164942 -0.7204727630102565
0.7342704416527681 -0.7168990667013477
0.7442718983137027 -0.7176997004538037
0.7515895206703118 -0.7141434092357224
0.7592379913364082 -0.7103267315683557
0.7567535486918471 -0.6868791054441632
0.7640885788424425 -0.6830194043777165
0.7526818842070068 -0.644856952007339
0.7594629030295006 -0.641101724647192
0.7438476397238255 -0.5982213642593803
0.7502250729308423 -0.5945102171456653
0.7566976561407492 -0.5906494578882603
0.7422028785056152 -0.5526275327401551
0.7477504089504414 -0.5491535787690005
0.7432585944279853 -0.5294662759339106
0.7488654482286803 -0.5257888350204881
0.7545202583256994 -0.5219927072638845
0.7554966894666053 -0.5116161684097601
0.7609395117233756 -0.5077909696685156
0.768754038579572 -0.5070990623450763
0.7742193607470257 -0.5030793874152344
0.7794400109163826 -0.4991535616579086
0.7847721135556915 -0.4950549672812969
0.7900388019359218 -0.49091621788691275
0.7997228861881779 -0.49211544809870883
0.8048284923808826 -0.4879240635146229
0.81011065986923 -0.4834927576103129
0.8224554632508629 -0.4873975600774986
0.8275637956430067 -0.48292256175845133
0.8476017282824803 -0.4945115699743908
0.8527042312761479 -0.4898447498796656
0.8581555223170034 -0.4847499534506774
0.8860155705773483 -0.5037746174197094
0.8913706496974791 -0.4985527901996711
0.9302776681869388 -0.5261317274430642
0.9356643192020214 -0.5206464607906548
0.9411951989813186 -0.5148948985954035
1.006637064497806 -0.5650066123307627
1.0128714271839068 -0.5582379544079399
1.0186044547042359 -0.5518781827723169
1.0245496735802755 -0.5451409957348384
1.0306184496320276 -0.5381090697839032
1.339808710126695 -0.7857382441818639
1.3480748383769616 -0.7757442238499093
1.5087157078427658 -0.8872144493766514
1.5182970298471168 -0.875106709513255
1.5275103209309457 -0.8632036122457989
1.662901545077089 -0.9461309039672589
1.6729085374624444 -0.9326241768554044
1.76515127873961 -0.9774471781920537
1.775264052680566 -0.9631665408456758
1.7857344810379168 -0.948040583552506
2.100978491042733 -1.1370084313715472
2.112913098063121 -1.1189480410116457
2.5849578972028864 -1.3944256837317432
2.5995657071805827 -1.3712675522286606
2.6148545061579656 -1.3464336287213547
2.772122437148831 -1.3753541882639146
2.7865665261512986 -1.350134888170113
2.963560394589809 -1.4146879879643217
2.9792200097825186 -1.3859322281906372
3.1283234090440755 -1.4292135514548254
3.1433072798932455 -1.400237539878403
3.15857499509923 -1.3699138645963418
3.241609521269457 -1.3731683540741715
3.255693014782952 -1.3436344016583726
3.239957861945721 -1.2991413865983525
3.25348169267818 -1.2691616246760966
3.2670656840762042 -1.2381693596566858
3.16649824084603 -1.160382472892374
3.179336484062984 -1.1292868140363672
3.06894548286596 -1.0525640168129398
3.0800538467095744 -1.023949402430225
3.090891833193346 -0.9951191597257856
2.9459326825554935 -0.9109570658904792
2.9556031087486803 -0.8834640629669561
2.819745935747665 -0.8077317663882351
2.8282667982263856 -0.7817425129998868
2.836530777184198 -0.7555916700402202
2.7197113301565916 -0.6929504634121658
2.727105558673172 -0.6676980745759433
2.5818035388334923 -0.6007514610333037
2.5882479744506215 -0.5768360272319598
2.5942514120686577 -0.5535609637923377
2.5250541494652263 -0.5125825414902687
2.5303843642864283 -0.48995761082353806
2.533584107316266 -0.46655638138112987
2.5387063164742543 -0.4424830978389202
2.54370483815009 -0.4175949794859808
2.5297812519015768 -0.3944462181952715
2.5377183848423526 -0.3488783557445224
2.527438919287765 -0.3242030917491481
2.530868849107424 -0.30083541663774266
2.5259922335908693 -0.27729591181859536
2.5288054364880086 -0.2548007330819516
2.5314187518941336 -0.2319269369306946
2.5238029972430627 -0.20836705330109875
2.525935414587493 -0.1853499743801016
2.524887595965483 -0.16128764525539233
2.5264451793967515 -0.13925479891305909
2.527786682490847 -0.11698219443400075
2.493935873995164 -0.09299761070107705
2.494812616922631 -0.07054147703130847
2.5824231321550144 -0.0501823896869701
2.582837919180787 -0.02660110122701197
2.582998118026304 -0.002866477561886853
2.5829077123117217 0.020072855551834634
2.5825654346694917 0.04355597991059511
2.6059725568351415 0.06733556630954675
2.6051199924631105 0.09107589604001083
2.603957890933143 0.1158387456489922
2.605657449020952 0.13847460986905388
2.604038776466879 0.1622130445752877
2.567340423000047 0.18237458932092201
2.565231849974235 0.20590297680497932
2.5627639130021937 0.23038501820959964
2.5285839724146664 0.24815171242487574
2.525753402082523 0.27133277268803613
2.5228206410691656 0.29339653346741307
2.519529867262041 0.3162943910096287
2.5159106204965154 0.3396634305751071
2.479771959739721 0.35587721967049124
2.4758040343983536 0.37833531526348163
2.482489070200223 0.40234347577239243
2.4780786219651048 0.4245353235381139
2.4733328222811 0.4471375717292014
2.483907767501258 0.47338928647353434
2.4789008776941444 0.4949142761352874
2.484929918082039 0.5208341738849535
2.4792263430473604 0.5431563443226082
2.473274704926835 0.5654493769653878
2.4740547196844487 0.5887554838425406
2.4676744355076186 0.6107850921136267
2.485043211997697 0.6398091935118837
2.4780799871228005 0.6620759526819417
2.470550765176699 0.6852594609534297
2.5296634458071425 0.7290641999116726
2.521621502060033 0.752145731887463
2.6196190312355805 0.8135031383939599
2.6108510476296396 0.8370386163104566
2.6015320338453796 0.8612506626718062
2.683310627982321 0.9208347170600046
2.6731470776142223 0.9456460032876578
2.70626299541952 0.9880445313641398
2.6956596522669 1.0124365466308562
2.5898620069645486 0.9942481533566953
2.5790722295264508 1.017678347272173
2.568034955934656 1.0409848365107983
2.5053098886770244 1.039602939895196
2.494684199785351 1.0608497080970536
2.4280809219983244 1.054838269037688
2.416774737880396 1.0762971971753248
2.4050818782226147 1.0979265283356954
2.370401973419653 1.1068496118009599
2.3587576942375494 1.1273279448612985
2.335987133605423 1.1425663300282656
2.32369440190372 1.163143949855
2.3110773646718634 1.183759817800404
2.3143757832453664 1.2142711231531815
2.301413493367174 1.2344698162536172
2.293085099463447 1.2580770271288924
2.279735329525286 1.277937436236401
2.2659004971007537 1.2980540570096304
2.2704626235045366 1.331535044252507
2.256183354991936 1.3513694360354906
2.2508040307754165 1.4088294572677953
2.235563310288133 1.428629879963342
2.2197351102881133 1.448737425617461
2.211048653450126 1.4722971082076086
2.194604608504687 1.4922969875777876
2.1814213139293117 1.5126490347328971
2.1649783788298667 1.5318029645692348
2.1461154261698816 1.5532707164211823
2.107585414363409 1.5467928279680327
2.0903370962988572 1.5656233585623165
2.061982918352604 1.572500168236608
2.045531877632435 1.589707155326248
2.0266115637759774 1.6090614719737308
1.9915135597866875 1.604582372150182
1.973735649962728 1.622022226739322
1.902081672522562 1.5813006194496428
1.8853549937696306 1.5970227119498397
1.8678695411404074 1.6131088029616139
1.8123596443072212 1.5850454993887027
1.795007570240243 1.600338363900714
1.7519993859331655 1.5846093084531419
1.7351180347438975 1.5988586032859797
1.7163710413937392 1.6143284304564434
1.6593368712409617 1.5755505846316153
1.6421526098295818 1.5891336928948296
1.5772021437458257 1.5394931350156231
1.560787339734762 1.5519074559752246
1.5439902506323469 1.5643306256856764
1.5170712346311706 1.5615863270276134
1.499863503961763 1.573753561601356
1.5003346409892786 1.6098955487356923
1.4829372366389788 1.621649450868076
1.464843713167582 1.6335874223706168
1.4809318877962663 1.6957910407668748
1.4622650143567468 1.707546204140216
1.4500594439114738 1.7279638781676905
1.4315892027496937 1.739053684269192
1.3936198768637715 1.7195684168712868
1.3765468164926538 1.7293213452675773
1.357711100786692 1.7398233954714895
1.318960223880085 1.7119465841334722
1.3002437181598525 1.7218624358274748
1.2690988625297408 1.7097927263705126
1.2525685989261204 1.7180951033412417
1.2338297365031834 1.7272671971999676
1.1985325487980134 1.6997734462304521
1.1803203396238078 1.7082108088785133
1.1528905926879296 1.698622899716714
1.1321957416004014 1.7076455709491472
1.1172450224000907 1.7139788732193562
1.105557523048699 1.7382648192002805
1.0872575917828908 1.7455809928321233
1.0482453097797741 1.7561782421919836
1.0295855626282124 1.7629537768557966
1.0102652678849324 1.7697345289091615
0.9689919053902746 1.7077026121665169
0.9500521834573223 1.713896903397002
0.8945884415071057 1.5982212842806132
0.8773101583704097 1.6034662493225151
0.8226219581838924 1.476714827060666
0.8067800844287734 1.4811569676817242
0.790819601751968 1.4854480936358676
0.7412957094721848 1.3546683131659492
0.7264291027353127 1.3583272952007623
0.6871159784644425 1.2535391557148927
0.6740198774827951 1.2564669143054719
0.6600483033483748 1.2594327611768845
0.6543210753628461 1.2983257644467685
0.6401766449387861 1.3010165945236625
0.6386809290862133 1.3784891780824913
0.6246230996561754 1.3808495439767694
0.6095520213689248 1.3832168847798951
0.6085713338758464 1.4813892124236796
0.5926324936045738 1.4835459960539423
0.5865676796300299 1.569953343547975
0.5701222410508326 1.5718204169369483
0.5525985184261253 1.5736183438731741
0.5458180198549689 1.6826937050710018
0.5276320347051324 1.6841707347288244
0.5168606152565756 1.7972046618573674
0.4976315892068133 1.798351765586742
0.47802496420577495 1.7993090632130677
0.463255145189441 1.9249609831388954
0.44289439301650924 1.9255222852638565
0.4225835268556496 2.00087255574031
0.40181700991014985 2.000999175031061
0.3802243584728268 2.000902277474387
0.3578851815954176 2.0585692463628105
0.3359555385483932 2.05800371888813
0.31164450209515376 2.099141325873507
0.28943121872397465 2.098088545463974
0.2662135701584497 2.096736080480863
0.24293666609899192 2.1221958225253155
0.22013299910219522 2.120384838181039
0.19620291385940325 2.124246395237756
0.17426798949019642 2.1220275821560852
0.15085453050964934 2.119406175095381
0.12740967951968102 2.1145019548774213
0.10656538661218534 2.1117102376192487
0.08533856080027441 2.0965181083598483
0.06302808068615112 2.0930479988748325
0.04115416707407071 2.0894089279486905
0.023341537868952267 2.0588291339752005
0.0016828997748546959 2.0547487650971425
-0.012070475563822736 2.00815784319077
-0.03317647160683351 2.003711093058641
-0.05523439128725227 1.9988150612273574
-0.05918215952967282 1.9229354498707611
-0.07939694784579382 1.9179957159483276
-0.07018002105543736 1.797524616743901
-0.08906457008137236 1.7924786878206176
-0.10896791002122752 1.7869291162686403
-0.09660639887854972 1.6780590229765098
-0.1147299845862012 1.67258872499126
-0.13261764758780015 1.6669788365417355
-0.097585162684595 1.5027634563949661
-0.1139034250000962 1.497261590295153
-0.07980532560568132 1.351348529995288
-0.09447250875402052 1.3460508675702063
-0.10889413148597626 1.3406650450202444
-0.06894311347813875 1.1974507740702454
-0.08206816426329883 1.1922274468421759
-0.03603276291131824 1.0468196739018243
-0.04715699952929098 1.0421164127735256
-0.05863023521619065 1.0371182706642195
-0.02376050412598152 0.9322033228555313
-0.03389028529967647 0.9275317893865231
-0.006874688050854616 0.8462706353309913
-0.015836663234971293 0.8419031235894097
-0.025156412939873307 0.8372353459667716
-0.018030715423145938 0.8026676279524501
-0.02663491273097729 0.7981275908268248
-0.02894863047308671 0.7820914731764204
-0.03719011648879039 0.7775145027872585
-0.04563823780294318 0.772703410765015
-0.048713940005819745 0.7593285191828723
-0.05701306489035046 0.7543626836737939
-0.0780294494552779 0.7708027279748587
-0.0861416695400472 0.765712267850539
-0.09453615831897477 0.7603176889400312
-0.14298555484172049 0.8158227057597925
-0.15168203626685606 0.8099672406094306
-0.22205679914861653 0.8926305723158814
-0.24110847286699644 0.879047169393172
-0.3131536996021832 0.9775028392509757
-0.3230530977463715 0.9702031837916097
-0.33378483150244975 0.9621121665673505
-0.4138588453128752 1.044322641670664
-0.4248553419051556 1.0356590485920205
-0.5174814592983713 1.126692847160987
-0.5417566954182123 1.1064824113536413
-0.5530544537642199 1.096766250465515
-0.6150972665220403 1.1434240418582606
-0.6274765799445915 1.1323130652188753
-0.6957484151284451 1.1823195045094625
-0.7084322966917037 1.1704366038580454
-0.7801346859317303 1.219463457041996
-0.7928528611518927 1.2070257046317383
-0.805926363440261 1.193964239816146
-0.88299115347145 1.2439062264149972
-0.8962834938074843 1.230048008690011
-0.9339026858566638 1.2381856180170963
-0.9465087848579185 1.2244648187271254
-0.9598612854668315 1.2096186524225296
-0.8824931634018495 1.115890355647685
-0.8938971679841149 1.1026468694385736
-0.9057103761554147 1.0886323592471818
-0.8360197474063665 1.008107228434308
-0.8467523663281123 0.9948032655029097
-0.7862652557653008 0.9261747907193789
-0.7962005565213327 0.9133067549175651
-0.8058876104236156 0.9004776904659116
-0.7677322028380343 0.8528291167959918
-0.7768633513766287 0.8401837014525869
-0.7568788169717305 0.8078071569638939
-0.7655015525971473 0.7953157428931221
-0.774229865426079 0.7823715377884426
-0.7746310005919849 0.7654057828683243
-0.7832937230220932 0.7519441236265588
-0.8085631372338152 0.7512017993319493
-0.8166150797479591 0.7380899320068438
-0.8012305533175942 0.7112391705863126
-0.8086786912784022 0.6985068512545373
-0.8163271215894198 0.685101695579566
-0.7278442244775704 0.6199487118404133
-0.7345687126039552 0.6075548011333655
-0.6735552498331087 0.5603571410768065
-0.679395954013929 0.5490221985114628
-0.6852595276319343 0.5373385875629171
-0.6658031481758305 0.5133737910514019
-0.671118730430336 0.5021888741512553
-0.7701465003663867 0.5334352516288158
-0.7757223509028482 0.5210306647285553
-0.7813023816694388 0.5082525780181655
-0.8680020168356747 0.5291945628033808
-0.8733546764755095 0.516182010436194
-1.0594439476423232 0.5732777369566975
-1.0656267647769928 0.557281065862932
-1.071384134794505 0.5418973407159562
-1.200463780550502 0.5701900447622654
-1.20673316557134 0.5522766830612182
-1.3043682722838206 0.5663433520685708
-1.3102429782210296 0.5483474769210329
-1.3160568411474594 0.5298725487803677
-1.3091936873338947 0.5076868514921028
-1.31486639985863 0.4881825792015737
-1.3062703588201825 0.4669073383570288
-1.311053853451297 0.44906092079969123
-1.3156965643606395 0.4309829451858823
-1.293008622795301 0.4059591151098337
-1.2973577733300035 0.38737267497361344
-1.300391556994482 0.36914570687180165
-1.3042226563807957 0.3510343821883882
-1.3113547224404996 0.3144280744154395
-1.299101823164777 0.2919400529528805
-1.3018823519344225 0.2752679788390902
-1.2779721276833729 0.2534137697871486
-1.2808629129044253 0.23347134304331627
-1.2830193593910453 0.21738177456943325
-1.2792630132008167 0.19888874401462256
-1.2813423154668135 0.18046888435598735
-1.2841620964934495 0.16267154863339964
-1.2858231827975226 0.14444444033063786
-1.2872458434537215 0.1267496104457118
-1.2785152028245839 0.10821605189040126
-1.2795873789760885 0.09005685084563765
-1.292442259704396 0.0726305553240348
-1.2931677029557656 0.053095476902421467
-1.2936093388295347 0.0363786672293854
-1.2839072984795004 0.017669468794220093
