3.6239539031222456 0.012236034244146324
3.6247279831131616 0.029731816107314582
3.6242838440225276 0.04823892668167744
3.623707400126132 0.06480184237842523
3.630928013269874 0.08223633948311045
3.629950311479103 0.09975460946329846
3.627767584619854 0.11745931406596473
3.6264452540347643 0.1345356295848432
3.624867847198969 0.15240892079858254
3.614212600065667 0.16866144132325692
3.6123339154897414 0.18576421873310184
3.6072260217557335 0.20303821066793945
3.605005271289643 0.21990470466195017
3.5965940401345744 0.236396850670136
3.5939666245848523 0.2535081846993752
3.5911306984120035 0.2707380663499888
3.5940529172414495 0.2887824389294223
3.5908805017084533 0.305776436770167
3.5875144150292346 0.32279712215939615
3.582975055611859 0.33963358684121964
3.579285469701556 0.35639641579221304
3.5782315400997815 0.37425820743742144
3.5741413460484823 0.39110487424816354
3.569834185260624 0.4080497895932711
3.5624394335468095 0.4241980863911644
3.557883286418777 0.44063665972888577
3.5587702573797975 0.45919525771518943
3.553832015612487 0.4756375376877182
3.5380705710728835 0.48921868157249987
3.532762773238622 0.5056028886130386
3.527300203011133 0.5218717178408424
3.544166914837545 0.5464362168827194
3.538303713842831 0.5627305607280922
3.5320551107697096 0.5795266495722293
3.5209901735636393 0.5943718465092793
3.5147758385617167 0.6100353751297115
3.5699012303701254 0.6522347176303689
3.562877895817854 0.6688891408626381
3.5556091604954867 0.685623905492309
3.5981259510783823 0.7252712902699346
3.5904454796459366 0.7419623819802501
3.632494867441932 0.8045871660521
3.6235473817331663 0.8224924919215871
3.658120951537156 0.8624360324531415
3.648956884655659 0.8798307749486285
3.639226693044902 0.8978289641179296
3.663714242835283 0.9340872112319171
3.6535215715750313 0.9520138719241639
3.6448476828643237 0.9708635847408552
3.634402731119026 0.9883459477888641
3.6236657395028065 1.0058874521360752
3.579117741175981 1.0016422312898292
3.5681468681346713 1.0187322513592183
3.502235529145466 0.9988515480155412
3.49139801014855 1.0149620561010877
3.4803522605068444 1.0310059092033739
3.3953184238883622 0.9937079530514472
3.38458682526799 1.0086071203864808
3.3074631085205604 0.9750390863230833
3.297128615396046 0.9887458496098668
3.2462428650306716 0.9712253710443024
3.2360046358338703 0.9842217942096089
3.225372646964423 0.9974276294906834
3.189874235272833 0.990203668057179
3.1793188236026335 1.002751770029104
3.1635051611722766 1.0331465239381463
3.152225488413153 1.0457114438749677
3.143116052799062 1.0600786243638218
3.1318950912012102 1.0720515391130236
3.1201329868117473 1.0843353226083683
3.1297425622532065 1.117408941718993
3.1179522781825577 1.1292048989029535
3.1264891681776197 1.1656170700442297
3.1154289588369215 1.176205440298582
3.1025691753524964 1.1882685780422353
3.1179306123593955 1.2311783566769468
3.1047682400587338 1.2430028703738092
3.129203311554802 1.3000707216046627
3.1158575062405576 1.3115433754804315
3.1019990968107747 1.323208974662822
3.1206268929365777 1.375235022397013
3.1057276948901076 1.3872426841591234
3.1208308719121387 1.4377298621676724
3.1055982578751613 1.4494762820354834
3.0898851144635957 1.4613279704675044
3.1271623415801613 1.5456629825817554
3.1104602920298303 1.5577056653376542
3.1513475967430233 1.6524511222647598
3.1338529717571233 1.664503961676733
3.178844745225555 1.7728412412435857
3.1603829495026874 1.784979666691877
3.141177323383101 1.79731892456408
3.1728648828366777 1.893123600457325
3.1532735317527747 1.9051218231279807
3.177377587402149 1.9932403308891518
3.155324933144297 2.006103013021795
3.1344751251118863 2.017967093513264
3.1285577764643646 2.0601355162177586
3.106986580719491 2.071806388180848
3.0831277056136654 2.0809974467384813
3.0607180397757743 2.0925088387135284
3.038424118974322 2.103661415041024
3.008531451186322 2.1004200322716433
2.985992019840939 2.111094440523679
2.9502799098724353 2.092312618346703
2.9250909398978977 2.1035709526704407
2.9052390549984572 2.1121899188532978
2.8709977894497216 2.0951667835219463
2.8486115318367533 2.1043334973415404
2.8161116433374334 2.0881872008057787
2.79322053392286 2.0969895528025724
2.7711129659190052 2.105219417018472
2.7468046419499013 2.113964717482787
2.7260925127278095 2.1211679949878124
2.6665962103886223 2.0934322277770367
2.644289749225605 2.1004046560229312
2.62100310861958 2.1074069704461023
2.5922943235755183 2.089682137134789
2.5692933103848317 2.0960651532695924
2.5384977141935106 2.078371769392657
2.517969168509616 2.0835827174541106
2.4955552458037373 2.089027045865227
2.466166458322492 2.059910879901134
2.4439100292267284 2.0648215143086643
2.412242499041426 2.026494540329206
2.391298663813267 2.030642596740734
2.3691191626077663 2.0347911548352426
2.3404237294256682 1.9961805240117736
2.3188539223458253 1.9997392770570572
2.29124912895976 1.9614950789844419
2.27029151419965 1.964492681928762
2.248943108472054 1.9673119551164913
2.224312614122146 1.9370554589752171
2.203221462256927 1.9393816120810665
2.1784414757816664 1.916711673601656
2.159609304150291 1.918371671503898
2.1387851937547846 1.919990539037744
2.1167193203768364 1.8904001164438096
2.09642133825019 1.89154405857491
2.0730763134158283 1.8575631489716713
2.05460841617614 1.858197761510527
2.0345626970630413 1.858678675826386
2.014179802222408 1.8419454208007722
1.9950112818472285 1.8419932444749063
1.9737277296748632 1.827811195887574
1.9558544469223849 1.8274668725160168
1.9355619230564263 1.8268639068742407
1.9178979976866068 1.7991276389450892
1.8986045099861963 1.7981434744215659
1.8777643726284816 1.796847086260011
1.8601385569768727 1.7955611314448439
1.8403237177730187 1.793907602106131
1.8216728468070642 1.7871249051015161
1.8029245230232007 1.7851546869597512
1.783523392524017 1.7758544080007486
1.7655706041779762 1.7735737532943254
1.7462977495809664 1.7709195826271495
1.7334200031678395 1.7285647529927728
1.7151431395483396 1.725647000128828
1.7048525914762818 1.6711364418388264
1.6878532673209428 1.6680447887505268
1.669659362442782 1.6645371918879706
1.6643925312621564 1.6012069282036525
1.6474098384192244 1.597553184703546
1.6444970639289567 1.5251143112714103
1.6297650411569706 1.5216050983256137
1.6215344564049359 1.4721290134737828
1.5931145969417058 1.464528684860112
1.5767944693361824 1.459896256182458
1.5746017542021709 1.4133691423234518
1.559290377677458 1.4086699502695166
1.5560160061468138 1.367743474925826
1.5413836188676373 1.3629068254862675
1.5265563048081683 1.3578273334570576
1.5252219384908439 1.3170367467575108
1.51102234383437 1.3118311064198647
1.510835212655766 1.2700546487543243
1.4971675928575023 1.2647057247942233
1.4835214160142924 1.2591945331377985
1.455368762889921 1.2897196654947714
1.4413856032947108 1.2837250312249837
1.3995240366311528 1.3406676013897907
1.3852730345482964 1.334193298569042
1.370024421218373 1.327061328702918
1.3125799318759777 1.4115075805465462
1.2972592997848573 1.403942843658933
1.2325143184930205 1.4933207052344004
1.2166447277594699 1.4850574121740092
1.1485916356803623 1.5711374214773701
1.1323442139361206 1.5622235553562336
1.1150765693525744 1.5525074949549167
1.0610870193414073 1.607944779757936
1.0441842827431995 1.5979550414967465
0.9956708934839857 1.636374971027345
0.9791832673597547 1.626140583824687
0.9618088168631158 1.6151034230837469
0.9185470588201299 1.6430302906560816
0.9012278373094396 1.6314989226157366
0.8624255794440094 1.6498304269520254
0.8452430130104929 1.637849901852705
0.8274423168392591 1.62515367878263
0.7647965910955694 1.6735210003555003
0.7473662136124875 1.6605145579610208
0.6980983869629156 1.6870723724758925
0.6804664158302605 1.6733176985402862
0.6623587744884236 1.6588782209107114
0.6139613659504419 1.6813500245106712
0.5964002567668159 1.6667179607827292
0.5789527121854259 1.6505479713703697
0.5616095661679097 1.6354561931951375
0.5441290010019613 1.6199146996914535
0.5359037433717007 1.5935238157388805
0.5193323973121897 1.5781379693647617
0.568693153716435 1.4926435313837645
0.5529993875189847 1.477434677906122
0.5372075602335764 1.461801039184948
0.6048673590638798 1.363820337945804
0.5907333866254925 1.3492103662616688
0.5983900120991843 1.312207850081943
0.5849610686579492 1.2977152317771208
0.57094520404897 1.2822645554523295
0.4873519928656467 1.3281810895026585
0.45938983654510146 1.295642436885837
0.3398258897186719 1.3661339332406615
0.32523490747384054 1.3482069147040614
0.3106616436800427 1.3299007172966653
0.22449151279721713 1.3673516781979995
0.20995513363911877 1.3482656920707636
0.08524878314726636 1.4101814697268493
0.07034894298791405 1.3897232811506541
0.05503798343203803 1.3682129783436086
-0.05701125163952936 1.4155259484122413
-0.07232959837050856 1.393003602191153
-0.14641791223917044 1.4097922350541023
-0.16130705071362383 1.3868582597135064
-0.17621234668456598 1.363350219913304
-0.2868976757162489 1.3992355129868663
-0.30206963080269933 1.3741311491032882
-0.35366210700141654 1.3712952585295601
-0.3681695339304065 1.3460865717196058
-0.3827607002745661 1.3200861506837576
-0.3936092730905538 1.2919112383499536
-0.40713468307762435 1.2665317278002892
-0.45683939898055925 1.259786159479792
-0.4701066476440805 1.233569677506918
-0.48323384163752436 1.206926131851549
-0.5202847941182904 1.192102578025954
-0.5331704639500727 1.1644704378261272
-0.5462674722441587 1.1355465467304027
-0.5579426998878589 1.1089964581054395
-0.5698181844279806 1.0811930905177285
-0.6940526586060125 1.100081939065394
-0.7062222841400252 1.0697948162259654
-0.7619174796020105 1.0590447751954954
-0.7732591669120334 1.028978908014336
-0.7843352542258226 0.9986196433453651
-0.8190642563302002 0.9783315995517347
-0.8296096085864759 0.9473993154922007
-0.8814805368260332 0.9305127166743907
-0.8913188469514708 0.899477251109341
-0.9008105698086135 0.8683789714673131
-0.85880763604399 0.823312759585672
-0.8679259329852642 0.7909651338147607
-0.8152246241940642 0.7444825822887939
-0.822838576060692 0.7150708870480212
-0.6146967866026296 0.6320290453214015
-0.6211307181521861 0.6047923266370078
-0.6276315841265236 0.5758925751394401
-0.5964553264355197 0.5399293822571792
-0.6020018907375322 0.5125330824427906
-0.5225308398523034 0.4648259480644705
-0.52664957615504 0.4418901665748587
-0.531371712695536 0.41398339600141976
-0.5642455477535684 0.39176621960807395
-0.5720427099295615 0.3367971174137277
-0.5477990484336228 0.305083609524875
-0.5509066355578316 0.277905265633854
-0.5477066277220413 0.25058120252960775
-0.5502457586199125 0.22326345567769623
-0.5525190663464801 0.19556690910707514
-0.5464896582449064 0.16761390291899886
-0.5481294063349935 0.1405009913519232
-0.5524942031084366 0.11312976221060772
-0.5535579408070772 0.08583031481428216
-0.5543286431710741 0.05856776140351653
-0.5468097476833473 0.031130517263365323
-0.5469975436720946 0.0035373052338057336
-0.535887460711344 -0.023891140763302877
-0.5354909017121421 -0.05081227543566842
-0.5348039879339854 -0.07787645827825065
-0.5598036786376044 -0.10606190095121895
-0.5583983545773203 -0.13580080742049103
-0.5815966416907883 -0.16711606628581446
-0.5799987719590316 -0.1901981511211155
-0.5773756417595717 -0.2229434934337325
-0.6160513979278046 -0.25031796459698946
-0.6133144201046634 -0.2774378158669554
-0.6746638612148206 -0.31372317337332234
-0.6712283610309124 -0.3417426564303996
-0.667360725257645 -0.3707232948615594
-0.7433688319214404 -0.4111002943832446
-0.7388353831419225 -0.44029165793805325
-0.8865792933932117 -0.49669002703250004
-0.8812275032819863 -0.5268482460172497
-0.8753120856202776 -0.5582306067262588
-0.9505326481448453 -0.6053933367913508
-0.9439047071803706 -0.6368430536963237
-1.0323213594015934 -0.6907439274556616
-1.0247950248794577 -0.7229903577949567
-1.0655358656164764 -0.7791398184017043
-1.0512079876747 -0.8334859422630393
-1.0419888782764848 -0.8665290903611796
-1.0507382110885741 -0.90450006489999
-1.040973274390193 -0.9368060335227278
-1.0468888420127778 -0.9747150272864548
-1.0362982745561125 -1.0072208238154992
-1.06116983529044 -1.0523346613639126
-1.0495184331069178 -1.0856363692052375
-1.0367468293432958 -1.1208647083718177
-1.054696509968902 -1.1613153025702398
-1.0420217159360985 -1.1941222214552387
-1.0290407110436828 -1.2266769627085936
-1.0435662371346015 -1.2702395680242073
-1.0282456263956385 -1.306343150254055
-1.0456933350331257 -1.348819153532006
-1.0311604993028078 -1.3811687179582204
-1.0158684514890317 -1.414248381053749
-1.0269624732531235 -1.4584574678465378
-1.0096321480903465 -1.4938923432366493
-1.0339355889235513 -1.5435189802082456
-1.017472383260174 -1.575460699688242
-1.0001262549915082 -1.6082470127783934
-1.0241508667144696 -1.6625018903297897
-1.0038563304650543 -1.698896155132802
-0.9944132015309743 -1.7315226185346295
-0.9760083428505633 -1.762967765809643
-0.9703085384371413 -1.8035776075587695
-0.9510662648516308 -1.8348931577763987
-0.9295086381322464 -1.8691185460287298
-0.861555106560802 -1.8656254640510777
-0.8411835396739589 -1.8965052317053475
-0.7743056303587847 -1.8954757369482589
-0.7540208630636016 -1.9248296251383945
-0.731518819605494 -1.9566310173716985
-0.5545624948423353 -1.8685383217758487
-0.5337353185889584 -1.8966840367691475
-0.34160999911896006 -1.7909680656075648
-0.32250027495890343 -1.81568071885335
-0.3004367815562179 -1.8435548850151624
-0.027176878335967825 -1.656646583897737
-0.009587340513996345 -1.6779400230180705
0.2654031252575966 -1.4812611795810648
0.2808713617058387 -1.4991856872972287
0.298008756410278 -1.5186134487564344
0.5273023872907605 -1.3413522063650944
0.5414968882145657 -1.3567728892162478
0.7066434070504504 -1.230225070250941
0.7195375772782044 -1.243640214852121
0.7342889259190539 -1.2586502599804512
0.8793924518418941 -1.136421894813312
0.8915880768703062 -1.1483200811027967
0.9727105444036253 -1.0875166088021386
0.9843763801168783 -1.0984191653169133
0.9970192976483436 -1.1099755450955566
1.034144206113429 -1.090858187582484
1.0456539723559617 -1.10094171486053
1.0707639440474528 -1.0961246974307963
1.0822902366972142 -1.1057928333728453
1.0945865935550994 -1.1158833108483348
1.1145670842471294 -1.1152508918182356
1.1263208295126046 -1.1244824174065402
1.1434199470929236 -1.1275312026554787
1.155399520356759 -1.1365324587473986
1.168425690927552 -1.146097800578415
1.1662143077279858 -1.1740534141862875
1.1788872875544292 -1.1829513571826515
1.21126769335181 -1.162723676738986
1.2236184224161368 -1.1710066805908461
1.2366223989977358 -1.179525174927618
1.2351913867382271 -1.2094745905063917
1.2480167610451716 -1.2174901265846083
1.2340056195080393 -1.2710265965174519
1.2475741627273775 -1.2791056873474502
1.2275308488573997 -1.3805851696049147
1.257146674641097 -1.3967436905184931
1.211903466090511 -1.5209447239264975
1.2289883132824726 -1.5296764294925231
1.2449449204277054 -1.5376153052087105
1.2303958963755037 -1.6094612526197503
1.2478435651522686 -1.61768868992682
1.2347927044308016 -1.6931100953002653
1.2537781345423713 -1.7015630836125168
1.271403700574012 -1.7091844348878082
1.277068051182223 -1.7473552579193878
1.2957867663257987 -1.7549828265593157
1.3056047907491426 -1.7857411047991973
1.324693661368829 -1.7930469455662787
1.3442511759454632 -1.800291498549913
1.3684259438522806 -1.7930184638204698
1.387653536472978 -1.7996757509634755
1.418485417310809 -1.773075517320065
1.4368210242017962 -1.7789843847597109
1.4562754301218934 -1.7850264961929467
1.491443513084448 -1.7350026800025733
1.5104759490986002 -1.740468386265342
1.5644076487050682 -1.614262464252128
1.5852893602656024 -1.6197527852394904
1.6531006882834451 -1.4048024300700013
1.668005637012608 -1.4083993549219609
1.6834810017402448 -1.4119577627325264
1.7443932185319433 -1.1990584528151833
1.757969377991229 -1.2018723634438258
1.7702932809442462 -1.204288513281033
1.7961692238574651 -1.1338240669068247
1.8084074699248418 -1.1359561181750815
1.8266507212987397 -1.1004299285160108
1.8386311130015276 -1.1022504626031575
1.850317224181594 -1.1038981232991099
1.8641985739777103 -1.0875541240280011
1.8758602597433414 -1.088946888001894
1.8863894460214619 -1.1051758421286133
1.8978998751800094 -1.106298587412884
1.9099190741087377 -1.1073420550085564
1.9208589067014767 -1.1202078768476476
1.9328919017066162 -1.120993087910646
1.9448229171838494 -1.1246472733848152
1.95690291885474 -1.125174938219279
1.9689690355962488 -1.1255723340808323
1.980915176113643 -1.1248381081281105
1.9931712218341777 -1.1249792743818714
2.0055382369726966 -1.1609867905929139
2.021405961583131 -1.1608026467960442
2.031337001535842 -1.2005911012225365
2.0440099034581225 -1.2001933712521524
2.056884993013383 -1.1996520735487717
2.0731617950423913 -1.2538673581149542
2.0864423911395815 -1.2530218326166833
2.1054696617667 -1.3187892744660983
2.119302683188076 -1.3176099080471904
2.1334898263300452 -1.3162482540411493
2.152127672594955 -1.3534774365429378
2.1666012897375264 -1.351772173947146
2.1873676097534696 -1.3954774734173503
2.2020054888362592 -1.3934338098668426
2.21687781470511 -1.3911966120892962
2.237446891698985 -1.4213022105176967
2.2524862494400426 -1.4187077549106797
2.2747387917329496 -1.4522405435454275
2.2902210237472653 -1.449225916610343
2.3055873635795576 -1.4460637479794918
2.336820455847249 -1.5119368308639258
2.352755691240706 -1.5082985189601201
2.388759183190742 -1.5850205984418206
2.405871428301085 -1.580725271414624
2.4225448019875904 -1.5763501801037954
2.460454079474287 -1.6458016407500289
2.4779070176181333 -1.6408186622876222
2.5366349783889213 -1.7055693770613736
2.555164794781083 -1.6996282095316253
2.573407538888692 -1.6935606851676777
2.609427863623087 -1.7393236268848302
2.6281173283075625 -1.7326620045120658
2.653762792951547 -1.7423877899457954
2.671879541097821 -1.7354823197757394
2.6903784039433583 -1.7282067756401782
2.716731463552872 -1.739096607193907
2.7349174484576917 -1.7314899202572438
2.7547122294235686 -1.7262286785818692
2.7732498839568294 -1.7180048361284521
2.792084418599125 -1.7094028997905921
2.8037849625510143 -1.6884400297247353
2.821845353678941 -1.679723255371651
2.8331027504301534 -1.657396997470948
2.85071367749501 -1.648426898264802
2.8690663861123857 -1.6388253770702839
2.861577137606699 -1.584960831047079
2.878560773977064 -1.5756100299340643
2.8415859737899725 -1.4713116762671272
2.857329571170034 -1.4621939017782168
2.873355599455725 -1.4526785593858442
2.812547442237352 -1.3187750581936015
2.825903737884489 -1.3104518364855802
2.7802126375934924 -1.2055555732273007
2.7921010229787715 -1.1977779299168874
2.8044715612379187 -1.1895047318776941
2.769981344682198 -1.1125366191013193
2.781682221674745 -1.1043468224781716
2.8066653517922946 -1.1135151594018886
2.8185392494875887 -1.1048160467011217
2.8303299943399383 -1.0959822537338084
2.8558765716765673 -1.10538649080544
2.8677758457788416 -1.0960698342180648
2.9035827697462757 -1.1160798260956288
2.9170584172247347 -1.1050338725112747
3.0278522110923 -1.2157235837774434
3.0409283330756116 -1.2045464729102107
3.05391572518665 -1.1931997503370078
3.2410516076741387 -1.3746617427896348
3.25548797133572 -1.3614896084184116
3.2698181546971954 -1.3481342121619084
3.434007551188073 -1.4900491076255122
3.449771057162917 -1.474716203821168
3.5634946207638114 -1.5562520910323703
3.5797722783719803 -1.5397258030205903
3.5964928834387746 -1.5223818420913156
3.73175410203656 -1.616536028079655
3.748807368012983 -1.5980718975013313
3.8358382425898405 -1.6404700384477149
3.8526267083544568 -1.6214864413530354
3.870279406148229 -1.6010930463086237
3.9452901023444618 -1.6301197556378098
3.962631862252916 -1.6091986121264361
3.9964315037817935 -1.6008567239786227
4.013617769718575 -1.5791847508995238
4.112943253072491 -1.6208145511734018
4.129962208738231 -1.5983835551415546
4.146835933759724 -1.575647318887705
4.168742980277358 -1.5556718437696575
4.185238195583148 -1.5324147704079696
4.184451901145115 -1.4966876399514666
4.200046104003972 -1.4736692777746796
4.215677049861716 -1.4500617954818635
4.202677514163938 -1.407553824404798
4.219026723078548 -1.3816354085876934
4.2325421475098715 -1.3596880375998062
4.2554821850992095 -1.3409608915625004
4.269500901375432 -1.3170959185481148
4.247222517236081 -1.271501064894218
4.261614467207885 -1.2457222811349233
4.273962080874561 -1.2230373889397803
4.262333583251168 -1.1700665613946637
4.268399044151215 -1.158263690397767
4.282527859588953 -1.1346662814238706
4.295373571038855 -1.1084498948424946
4.306305713053057 -1.085520593051478
4.289076785496016 -1.0466214550176318
4.299681268117789 -1.0231104852693862
4.275911665800155 -0.9826836161627814
4.286049311895197 -0.9588636730961794
4.296336400241945 -0.9339593871918995
4.285042083748525 -0.9002881069403257
4.29424528943184 -0.8765697644339621
4.271829779702134 -0.8395674196028271
4.280544179221557 -0.8155993174461817
4.260842908825865 -0.7811871361023588
4.269082414258705 -0.7569207338300938
4.277073645784444 -0.7325295978142707
4.248534620353792 -0.6967123230361519
4.2563183352677765 -0.6710764262991575
4.237944543234208 -0.6412395975048852
4.244777720020914 -0.6168930115487656
4.251191562478237 -0.5930603249474672
4.18870338352855 -0.551023138289745
4.19470930304768 -0.526592893149887
4.121927557669608 -0.48657213237329183
4.1291222265267375 -0.45405676353274205
4.136565061571462 -0.41763469404748516
3.9953124226454744 -0.3681974144893585
3.9992065535885093 -0.34643059346535116
3.8853364831224075 -0.3059515409466518
3.8884656309926533 -0.2860027282378958
3.89148643071291 -0.26529056226887504
3.7157332503873697 -0.22171922225010707
3.7179723148846913 -0.20364460535387638
3.73097435118998 -0.18657115404699415
3.7328473934172184 -0.16828817880990105
3.7345740441475868 -0.14944525877218776
3.6742826973725937 -0.12577141677961495
3.6755064863589135 -0.10825439561148593
3.6725934581582544 -0.08975591192903559
3.6734386268325245 -0.07230603173231516
3.6741261977529103 -0.05409689452624683
3.6686528357873294 -0.03403988276865469
3.668899689380012 -0.018298272795546407
-0.5089287825946518 -0.018904070146897982
-0.5075801733217284 -0.04588762756747387
-0.5068946958821536 -0.07445121730316702
-0.5060050212408234 -0.10001416657543982
-0.5207974926473744 -0.12710625894388794
-0.5192863356847863 -0.1541828746389262
-0.517454279154725 -0.18165889013633185
-0.5672322147019324 -0.2123552584623493
-0.5647423862650389 -0.2405670220448211
-0.6207333340560894 -0.27382803320196064
-0.6176832207735479 -0.30159501932330435
-0.6717652324618459 -0.3375196921782472
-0.6680735775203761 -0.36555763558927795
-0.6639577138057051 -0.39443415046758074
-0.7711712196933678 -0.4407335602642175
-0.7662408548600252 -0.4706883607051224
-0.8712632175991044 -0.520164911602502
-0.8655489530773255 -0.5507750879600902
-0.8594858413921642 -0.5814333348525416
-0.9508454094111118 -0.6331156053655345
-0.9439676019513872 -0.6643634236324256
-1.0075916710532828 -0.7132133903755054
-0.9997971027348087 -0.7453176117762473
-0.9915890669794014 -0.7776090626589395
-1.000385545952458 -0.8145965723225025
-0.9916362800963427 -0.8461639129691823
-1.0062682994635606 -0.8856110385719401
-0.9967443304181747 -0.9173218726851134
-0.986563302194805 -0.949945073140158
-0.9943005105460809 -0.9877112192050254
-0.9836292069975854 -1.0194928911723515
-1.0100884976045674 -1.0651836633128955
-0.998659193101441 -1.0969466913338197
-0.9864786133624439 -1.1296877851551446
-1.0028611877337257 -1.1734567257476514
-0.9905923475339713 -1.204380924322223
-0.990200108199097 -1.2423153033453735
-0.9768227215636527 -1.2740370812430724
-0.9629779186378737 -1.3059118858729988
-0.9968276381760437 -1.3600386417540482
-0.9824251131138335 -1.3913380051834776
-0.9734727942692327 -1.4654980524520396
-0.9571755881568382 -1.498111324571461
-0.940968942935084 -1.5296818874168883
-0.9608878035871538 -1.5798352491854457
-0.943416148667036 -1.6121530249222964
-0.9734096268701866 -1.6694116301367072
-0.9551931651314769 -1.7014503685856388
-0.9366128788310708 -1.7333218973645637
-0.9316564171799917 -1.772813202683062
-0.9123972898097463 -1.8042777021037664
-0.8956121574825877 -1.8367011824025792
-0.8754949790555022 -1.868038978561903
-0.8554133200885818 -1.8985931031847505
-0.8166258428914128 -1.9168379851088715
-0.7957650507465739 -1.9471381001418488
-0.7051094487643024 -1.9265056112573595
-0.6843040552918827 -1.955390686983947
-0.6622225526651015 -1.985349359705065
-0.5544924050595337 -1.947180667655973
-0.5335013180243786 -1.974415121388797
-0.30460104883960915 -1.835137598570574
-0.2847770999729047 -1.859760630683262
-0.26445057953085627 -1.8844573682793602
-0.2443625673988099 -1.9083376708693416
0.22557985381631496 -1.575614846597185
0.24278207968868015 -1.5947771570149734
0.4609361162121679 -1.4272642928413488
0.47604374828008944 -1.4433843364966246
0.49187996195134165 -1.4599229263341658
0.7188193221017753 -1.2671937778336217
0.7321900533134242 -1.2805709426199636
0.7477276489475195 -1.2957692536827277
0.8714969201156382 -1.1899919321959747
0.8845074351769933 -1.202196463904544
0.9761826081639455 -1.1275313513042635
0.988236903421857 -1.138360415862484
1.0012911477944457 -1.1498302607455868
1.061046732553677 -1.1036157671725582
1.07270807707386 -1.1134319420943257
1.1168904192078157 -1.0837534167480407
1.128631726349284 -1.0932160498615866
1.14047089471576 -1.1025487368680233
1.1594299586313914 -1.10201542890904
1.1713764297056817 -1.1110260927416136
1.1904228660056764 -1.1101625395020034
1.2024190061427142 -1.1188121192754503
1.2139508711411826 -1.1281630055183933
1.2258948181896496 -1.1363917315320295
1.2386512331211188 -1.1449773164443073
1.2554799863688726 -1.1452711248008944
1.267802619191491 -1.1531881873905747
1.2726868418511665 -1.1739576525512196
1.284835766793632 -1.1813979513874011
1.2976421390054562 -1.1890561109969406
1.2873416827083985 -1.237457927686878
1.300202816993618 -1.2447762460202765
1.253393450563805 -1.3628993581108542
1.2676640500476417 -1.37062031810687
1.282531775565372 -1.3784612243101444
1.2399543798537618 -1.4993637501608876
1.2559288388764556 -1.5073550037016035
1.2360266045734511 -1.5910907111413948
1.2531004656569713 -1.5991766899245896
1.270128789849934 -1.6070199179207698
1.2713600516905157 -1.6568596276473007
1.2869962186478636 -1.663648282473659
1.2871560621383278 -1.7147310343764892
1.305477472621925 -1.722233276581419
1.324032416736122 -1.729600192638863
1.3412236243691504 -1.7415675947004419
1.359584146948623 -1.7484025666763583
1.3841026837799422 -1.7434080118758575
1.4011841855335767 -1.7493486274453454
1.438991172959233 -1.761837136622549
1.4680284000476793 -1.7342439899979958
1.4872555125007207 -1.740025600541297
1.5195107743369867 -1.6952209602354962
1.538169975645454 -1.7003990792177817
1.558065685883109 -1.7056781824265776
1.6082059014161085 -1.5760308957361324
1.6251598885955891 -1.5801490090755141
1.6757582730701985 -1.4327694519766885
1.691238715466826 -1.4361850400186686
1.7071642983114832 -1.4395166729901374
1.7596956948535538 -1.247058074400741
1.7733165684178611 -1.2496057865767691
1.8023020712076123 -1.1592633561668375
1.8148285369487946 -1.1613300690464687
1.827277369815089 -1.163246703421938
1.8463850042849186 -1.1164817208944604
1.8585179610448788 -1.1180840007142137
1.8732346149935355 -1.094684674764456
1.8851538197912132 -1.095999249494018
1.8978480486694047 -1.0972552022384545
1.9092921668880947 -1.090233043441696
1.921126752224553 -1.091153064783009
1.9325197170999817 -1.0929187579228996
1.9442548229229362 -1.093580118341883
1.9569561252338186 -1.0941536568714256
1.9680985798992532 -1.0855313442713461
1.9798089892358994 -1.0858122872229454
1.9916476192120998 -1.08496785101457
2.0029385229075776 -1.0849960207683351
2.015593770953377 -1.084887936289944
2.0265646107141 -1.099679190244868
2.0387756480513852 -1.0993163553400793
2.0527440403534682 -1.1557971561684999
2.065138579647957 -1.1551649083319
2.078526718972152 -1.154332081511845
2.093266847901597 -1.1973730809912593
2.106480408081402 -1.196270422059669
2.1275893050406025 -1.278650057380539
2.1410033340285004 -1.277240407986236
2.1554904642854322 -1.2755578056349703
2.1780824756412134 -1.3472815711162596
2.1927229504301096 -1.3452653509168788
2.216739139791499 -1.4053854080936092
2.2315988882574387 -1.4030131699160624
2.2473185709609473 -1.4003276489657106
2.269288636795604 -1.4390203716739958
2.2849844981636807 -1.4359943717878545
2.300323553931665 -1.432864879517205
2.315520780289888 -1.42959527041931
2.358681123238984 -1.5387487942585107
2.3735448499182543 -1.535208209038614
2.393404972947501 -1.5302393692688006
2.4406140614697063 -1.5859304047893052
2.4582870417583185 -1.5809139721554772
2.491110169945462 -1.631694456991302
2.508786718453665 -1.6262693734818812
2.541549322126905 -1.6683046279693314
2.5593971714229227 -1.6624051264971584
2.577482782591427 -1.656209417860695
2.6097506818524723 -1.6914514790500037
2.6279870184184304 -1.6847659495306553
2.6523395216971224 -1.6937172575232176
2.670566362206932 -1.6865840488622443
2.6887646068582356 -1.679234443530569
2.711132786740873 -1.6840053918031734
2.729390797983763 -1.676178112199479
2.747222641959328 -1.6683052248744297
2.7670486914043377 -1.6647898681259725
2.7860757221965438 -1.6558906844877115
2.798633251119883 -1.639866131794204
2.8164325077658727 -1.6310775457540727
2.833766458051656 -1.6222852688192653
2.8444747127786547 -1.6009255009142083
2.862366614112224 -1.5913591118489312
2.8564884200429117 -1.542116592976159
2.873533817382239 -1.53252558539478
2.84260128393153 -1.4430052239395872
2.857770173757311 -1.4340402117836
2.8740801755147185 -1.4241575919722365
2.7921963185593577 -1.2619528489056162
2.805679616080186 -1.2533875522889495
2.7372793056035616 -1.120134021235285
2.7490866650574692 -1.1122725242642104
2.761221206569652 -1.1040032946819696
2.7295021684275027 -1.0346896086554516
2.740747518403942 -1.0266689407878289
2.7500297622337957 -1.0161812612735561
2.7606136885612638 -1.0082835993772925
2.7716103882054615 -0.99989319870345
2.8148785531522185 -1.0333580906987407
2.826060935135259 -1.024440984851476
2.891161141029569 -1.081033219063539
2.9024521524872373 -1.071625453444977
2.9140896465694306 -1.061716119325017
3.064593838079582 -1.210447834449294
3.077531703574305 -1.1989451312684227
3.2279735239280796 -1.3365275996146335
3.2418723192598775 -1.3236231120134208
3.445841393562073 -1.5078009366831164
3.4616945258572738 -1.4924376412697717
3.477646715025174 -1.476645247029669
3.5810549816041837 -1.5455698447966024
3.597072517770906 -1.5290128753483077
3.6140415016920313 -1.511089352359989
3.729000694233569 -1.585645798827669
3.7461263288026645 -1.5667670036933152
3.8462872099002015 -1.6211331032826786
3.8804168761096296 -1.5814175198353224
3.9466506660554543 -1.6018714631161441
3.963759441050441 -1.58085099161346
3.9808474401314466 -1.5593859108394863
4.047261905815258 -1.5766339743255822
4.064023174777562 -1.554626750696498
4.115244510795682 -1.557841346077557
4.131704510837153 -1.5352409838447303
4.148618678521461 -1.5114783406680654
4.188818140010504 -1.5062284521150686
4.20511803879473 -1.4822629439414872
4.184030375654576 -1.4344965382384618
4.1991804219294 -1.4111606824888614
4.214346908834412 -1.3872407027388878
4.199891497826261 -1.3460008907098568
4.2144862282134135 -1.3218516350381886
4.232695625731154 -1.3008175286491845
4.246457443346612 -1.2769044424829146
4.260298696589382 -1.2522403132771036
4.238728673067048 -1.2083169817508372
4.25137890946672 -1.1845796748249764
4.222812321134892 -1.1397847976749442
4.234815793486023 -1.1160655756654427
4.246692552122614 -1.0919599700706883
4.252707929319505 -1.0655378853804442
4.26422553664404 -1.0408394300798796
4.23118057198439 -0.9950287710410239
4.241411053022253 -0.9717641130385892
4.251817010243027 -0.9474012626021543
4.244118090880059 -0.9163569141905551
4.254255263489834 -0.8911280531036929
4.263315743933493 -0.8678581930608118
4.237920767890136 -0.8303491052840501
4.246858773440513 -0.8058502666211584
4.233333747307169 -0.7750589481703423
4.241688041118776 -0.7505536132116509
4.24961030021689 -0.7264636929386602
4.225780790040911 -0.6924311335323232
4.23308766123642 -0.6684912095410527
4.2101706093785465 -0.6365107048897634
4.217220049030624 -0.6115024563946061
4.173291536809154 -0.5747241912723925
4.1791693403105885 -0.5520190089574023
4.137441722579622 -0.5166661229225893
4.1427012822366756 -0.4944008647861639
4.148015558919786 -0.4707761236920546
4.094199827769826 -0.4354860289020011
4.098673470696674 -0.41338923957206813
3.9855710587375444 -0.3658805415758916
3.9888130581898738 -0.34782699661389493
3.992530014788416 -0.32586061463035754
3.7842957647244373 -0.2726052530426285
3.789721315120609 -0.234355742841857
3.7137572710820086 -0.20521212394385463
3.7158475654609577 -0.1869308217007134
3.71771157790947 -0.16894654514300997
3.659652122601865 -0.14529567076525093
3.6611315486457947 -0.12727127756733894
3.6653962537659677 -0.10961896707359385
3.666468643876608 -0.09188720790217808
3.6673631408954916 -0.07389963723268363
3.6310788882180622 -0.05482390363088486
3.631571172467786 -0.037410014328978995
3.602880261302083 -0.01959254777117201
3.602998454066104 -0.0022262663093029905
3.60292886416415 0.015101537320021301
3.592680207581799 0.03191796323699499
3.5922487195500152 0.048918453484720424
3.5856395152216542 0.06569876534331857
3.58476900418197 0.08412017227803231
3.565722895559662 0.1013548929271141
3.5647537971409817 0.11535403908350655
3.5631628843914838 0.13521389300252115
3.556889035905284 0.1489715740600042
3.5552601800014054 0.1651113942221916
3.54143271912566 0.18080147236368274
3.5394528096249447 0.19694935119939896
3.537223856516846 0.21365115247869954
3.5348624466986576 0.23000276023172134
3.5323260687225178 0.24633477041090707
3.5305079012084866 0.2633525476208508
3.527670301330462 0.27934289042840293
3.524533857619765 0.29598229165103496
3.515429617091659 0.3109374143480136
3.5120254256334773 0.32709037319661755
3.5054354273041994 0.3429288180037122
3.5016988805189335 0.3589379782750516
3.4964234513157884 0.3803325575757936
3.499075944624244 0.409496412986647
3.494546543421327 0.42573070073388253
3.48989540541535 0.4417325898348793
3.4851264828417223 0.45750992334830815
3.486775080457001 0.4756268076255571
3.4816072543238796 0.4914884982732097
3.476208252359709 0.5074743300553182
3.477184091168257 0.5258813181692338
3.470997537352576 0.542945895189067
3.4750033943485086 0.5607575114613961
3.4688831908651054 0.5765987960392792
3.462615129139208 0.5923183130826685
3.5079403370157483 0.6293424663891923
3.5003497130171235 0.6472300507929427
3.5562203711277034 0.6891894924381488
3.5487947072390806 0.7057187505148276
3.540981118112978 0.7226210581067201
3.582849126638612 0.7626517175614193
3.5737868107722437 0.7811812044841644
3.6185743329862428 0.8234519588890045
3.6097913772034302 0.8404925471897318
3.600537391029548 0.857983717745464
3.5992684241535513 0.8791845696470205
3.5885360194432696 0.8984310295906595
3.5781483857736243 0.9125659825350184
3.568448455916905 0.929138547866719
3.5582366807398293 0.946164598152414
3.5133237651699583 0.9409437718438977
3.502268890115586 0.9584947479203448
3.4927667446988724 0.9732273351695029
3.482139656820549 0.9893361600992182
3.47137280752957 1.0052790962029157
3.327011838482135 0.9274699890175769
3.316169335994433 0.9427933384299938
3.251856691785296 0.9156723339887332
3.241650388351177 0.929465068255591
3.2319664547603493 0.9422630494427852
3.2219124580940495 0.9552648558146362
3.210304426117264 0.969929995474395
3.14599762411659 0.9365305363516616
3.1360539587321297 0.9485680802393975
3.1254727639713966 0.9610988802191919
3.114682707600643 0.972071736743796
3.1035708238795268 0.9846686938670607
3.106001821592882 1.0073608939368384
3.0953416943930767 1.0189418886885078
3.083956001710099 1.0310457731626932
3.08964841462992 1.058313437736903
3.0770953061786877 1.0710866918265016
3.0932242810038666 1.1086521868573473
3.081326669369006 1.1202596279931418
3.069177595162804 1.131860534695809
3.0909807200215083 1.179919517823716
3.0773997250528815 1.1923333562624066
3.1024146775795245 1.2450907110155602
3.0892775868030444 1.256599912019946
3.075378956888717 1.2685145245841434
3.0895009437679564 1.3127923268852286
3.074902763670843 1.324771696803938
3.110521901358588 1.3987627056091063
3.095780195569163 1.4103410094719668
3.080403936788163 1.4221544688860768
3.107046956368542 1.4896922623129745
3.08997310567688 1.5022298855039125
3.1412441662973194 1.6069856106674807
3.1238980251598756 1.6191646701437543
3.106470730536358 1.6311233927776092
3.1499288704284836 1.7344234180139149
3.130668176288763 1.7470404904088064
3.165651701973394 1.8433711264112091
3.1461044333755965 1.855587677205473
3.1257639783375772 1.8679979831567142
3.1468916737942516 1.9496880490430821
3.114757946939669 1.99233624665488
3.0720190529673674 2.015654769566194
3.05033531051685 2.027038414900288
3.024414827185693 2.032424724766481
3.003213871048772 2.0429728164944674
2.974084117704101 2.0370871683942795
2.9520006893980817 2.0475005952100664
2.919649026375684 2.0348303782591453
2.896831768335245 2.044989432565527
2.875648835639524 2.0541490005944425
2.8414453830502 2.033806939545517
2.8196580260798103 2.042684929273957
2.797684684530865 2.051365434062126
2.766944985835819 2.0363622930857113
2.7447335287801025 2.0445899273719257
2.716293353526819 2.033533828509696
2.6944865730480063 2.041084123659786
2.6619169204886615 2.0182274377212317
2.64104616537802 2.024953286832597
2.618901921983438 2.031830802740525
2.5926595785016975 2.021930667458751
2.570479632328125 2.0283002709408606
2.548919308719152 2.034241035992365
2.5166520709131266 2.0179097198886717
2.4993719877716547 2.022255329534079
2.4705739035847554 1.9962868534519296
2.44863888419541 2.0013305952760274
2.4276097135326142 2.0059289451255635
2.4048978839641024 2.0106363926780477
2.3842809794317694 2.01467841822137
2.3498033371821108 1.945807448155202
2.328800722186274 1.9494663590556738
2.3014161156591935 1.9134046423119506
2.2805848600682594 1.916570149068506
2.2602652933215914 1.9194350671726892
2.236165618611756 1.8913121901435854
2.215885351212766 1.893734277857308
2.1916347238125837 1.8641759929334127
2.1722192924506416 1.8660698045110211
2.1519456841766207 1.867829892966728
2.1296701795808395 1.8354251944787816
2.1099544976489994 1.8367117379836055
2.0885969500280646 1.8058279487386735
2.0692002865991386 1.8066752116345088
2.049825917976894 1.8073133037461324
2.0302812538996866 1.7847431315632685
2.010834994689772 1.7849671153525692
1.9914851395381026 1.7849796909632651
1.9673471507633722 1.770698955620839
1.9537903166361568 1.7703970360242398
1.9348462878030463 1.7768058402051015
1.9157855807012538 1.7760044852370658
1.895732792097229 1.786960645721153
1.876805827914132 1.7857556372482988
1.8573010623111168 1.784302948824124
1.8393967658669972 1.7737439502887726
1.8202982761195687 1.771910914926143
1.8019659592431303 1.761905649772855
1.7831247527866125 1.7596858035303153
1.764060531184019 1.757231221852956
1.7516537633696276 1.71309227619283
1.7333696752453513 1.710341857618304
1.7276199084119197 1.6304042706354978
1.7103679595250576 1.6274281185755397
1.6927312430753958 1.624190540243973
1.675415864509995 1.620818971689376
1.6582301001373418 1.6172823920230717
1.6690505269209084 1.4855828641542255
1.653393052247673 1.4820079702112994
1.6374439480292227 1.4781871022233155
1.6294433650927609 1.4431866754949698
1.614220738381427 1.4391922600212343
1.6149860271686627 1.3761559652614346
1.6003925522666413 1.3719893905260458
1.5711122012764163 1.3631200446424514
1.5677911664791582 1.3232004852729433
1.5535887616705477 1.3184767750298694
1.5509478899619362 1.2816068829677698
1.5371767054575858 1.2766983191141539
1.531721760878876 1.2480402600740168
1.518745068090598 1.2430939990655883
1.5054946735859773 1.2378826608964846
1.4722631169480462 1.28051504570099
1.4588725857980305 1.2749141624435312
1.445182357881294 1.2690163056453765
1.3987202335473703 1.3359220196009465
1.384074483414162 1.3292331465993725
1.324734665150993 1.4184702067901385
1.3095620050109007 1.411147184058216
1.2944450561047047 1.4036499638958806
1.2249562722552203 1.501801325103782
1.208236014808661 1.4930538475734654
1.1460643447667547 1.5709035287761524
1.1292313393176345 1.561635661597621
1.1122385126038536 1.552038511602139
1.0415105974234709 1.634724155675351
1.023593592348908 1.6240860590183912
0.9713327732553603 1.669540277028827
0.954423996132032 1.6590032610382328
0.9019430775930011 1.6966767503428783
0.8852115825626086 1.6857306381351191
0.8678015144416198 1.674087091312549
0.818565209489841 1.7070406661155488
0.8006117574303246 1.6944745036693902
0.7357353941000766 1.7451819407353237
0.7171257580758157 1.7315480586479397
0.6986464452344971 1.7177030958518962
0.6439437723436348 1.7513813141159145
0.6250904875535526 1.7366199447732575
0.5999500956229382 1.729301958957365
0.5790703493558254 1.7121868846362025
0.5634603205525333 1.6991111645130728
0.5667619936546855 1.65852127425828
0.5488798557731553 1.6428981487052272
0.5585842288838694 1.5965968729700335
0.5418171564021963 1.5812981359114489
0.5251734067204823 1.5657865498705537
0.6089849382576042 1.4453764554626587
0.5936940325586015 1.4305032421979031
0.6420418434345125 1.3516677272973794
0.6279040410876171 1.3373139794140747
0.6133815210024052 1.3222500496133085
0.6037778240228677 1.3033279078227709
0.5900286733200533 1.2884412512568788
0.5153720792053718 1.3266351935618996
0.5017953792308192 1.311283308177861
0.48751978162424026 1.294791330300761
0.363595599485647 1.3712788330522934
0.3490074760007975 1.3536796835657767
0.23137545171030793 1.418187648792318
0.21615026027666673 1.3989886011290429
0.20126085065139487 1.379792184570074
0.06999669181924473 1.4483287715195539
0.05470705664205289 1.427726992292915
-0.07773540673255974 1.4903907472907512
-0.09353842866470874 1.4681096170600145
-0.10938199064503795 1.4452531326872733
-0.1834294415870219 1.4625388451630905
-0.1989423289413108 1.4391096671171955
-0.29031273278407843 1.4635544356282506
-0.3073124075468603 1.4366048357082444
-0.32136555353168816 1.4137842716894677
-0.3362807084983426 1.3889983625254867
-0.3508016196411674 1.3642784705082986
-0.371681394062092 1.3419211471095063
-0.3868704194970909 1.3147146460467318
-0.39990188628318313 1.2907733868555005
-0.4479746193326344 1.2660790903822883
-0.45453779571289754 1.2533077073954617
-0.5153474921872752 1.2504031324125773
-0.52950347628409 1.2215126538299579
-0.541550705361332 1.1962445452654387
-0.5764618725904693 1.1780208907687555
-0.5883977086125132 1.15155820610575
-0.6578314935423366 1.1475873613518546
-0.6696703339800716 1.1197702031518493
-0.6816836945140898 1.090686738975615
-0.7241869793223445 1.07330764540769
-0.7351588792575043 1.045031054667197
-0.8139922952545002 1.0399266138763397
-0.8247863491596479 1.0102386260687664
-0.835505320433775 0.9797497526367405
-0.8638627962571213 0.9553276318700009
-0.8739487193240958 0.9245429999169276
-0.8082802820051596 0.8701504799177092
-0.8180016591704611 0.8381328348850969
-0.8262701705792832 0.809812893756175
-0.7056899838396409 0.7435574701056027
-0.7134207578668086 0.7148313023207044
-0.6386627853704843 0.6643039252487358
-0.6459034176308087 0.6348512460172124
-0.6521657714373013 0.6081592890159497
-0.5662915582940546 0.547287527565423
-0.5752626190002377 0.5033869716033954
-0.5538818933515506 0.47127091445483715
-0.5588661506502506 0.4434106708868965
-0.5634653647481112 0.41599798525573806
-0.5370695335744236 0.38423193751750623
-0.5411278435650924 0.356406064283735
-0.562690589017897 0.3311690579735728
-0.5660349489375966 0.3041720579389672
-0.569119887119419 0.27690974270961366
-0.546021615371191 0.24726086237548955
-0.5485585324121347 0.2195755151862474
-0.5039451179884353 0.18809531121716336
-0.5057753348702985 0.16189802702825812
-0.5073923423494784 0.13455348946495832
-0.49766959228734997 0.10791945034673713
-0.4986958175416567 0.08074163362126645
-0.5024793576846531 0.05104962646491059
-0.5028495641211324 0.027441927386011485
