-1.29289 1.29289
-1.29289 -2
-1 -2
-1.00015 -1.94763
-1.00061 -1.89522
-1.00137 -1.8427
-1.00244 -1.79005
-1.00381 -1.7372
-1.00548 -1.68411
-1.00745 -1.63073
-1.00973 -1.57701
-1.01231 -1.5229
-1.01519 -1.46834
-1.01837 -1.41329
-1.02185 -1.35769
-1.02563 -1.30148
-1.0297 -1.24461
-1.03407 -1.18702
-1.03874 -1.12866
-1.0437 -1.06945
-1.04894 -1.00934
-1.05448 -0.948258
-1.06031 -0.886139
-1.06642 -0.822912
-1.07282 -0.758502
-1.0795 -0.692832
-1.08645 -0.625822
-1.09369 -0.557388
-1.10121 -0.487441
-1.10899 -0.415889
-1.11705 -0.342634
-1.12538 -0.267573
-1.13397 -0.190599
-1.14283 -0.111596
-1.15195 -0.0304419
-1.16133 0.0529913
-1.17096 0.138841
-1.18085 0.227254
-1.19098 0.318385
-1.20136 0.412401
-1.21199 0.509481
-1.22285 0.609816
-1.23396 0.713611
-1.24529 0.821088
-1.25686 0.932486
-1.26865 1.04806
-1.28066 1.1681
