-1 2
-1.00015 1.98255
-1.00061 1.9651
-1.00137 1.94766
-1.00244 1.93024
-1.00381 1.91284
-1.00548 1.89547
-1.00745 1.87813
-1.00973 1.86083
-1.01231 1.84357
-1.01519 1.82635
-1.01837 1.80919
-1.02185 1.79209
-1.02563 1.77505
-1.0297 1.75808
-1.03407 1.74118
-1.03874 1.72436
-1.0437 1.70763
-1.04894 1.69098
-1.05448 1.67443
-1.06031 1.65798
-1.06642 1.64163
-1.07282 1.62539
-1.0795 1.60927
-1.08645 1.59326
-1.09369 1.57738
-1.10121 1.56163
-1.10899 1.54601
-1.11705 1.53053
-1.12538 1.51519
-1.13397 1.5
-1.14283 1.48496
-1.15195 1.47008
-1.16133 1.45536
-1.17096 1.44081
-1.18085 1.42642
-1.19098 1.41221
-1.20136 1.39818
-1.21199 1.38434
-1.22285 1.37068
-1.23396 1.35721
-1.24529 1.34394
-1.25686 1.33087
-1.26865 1.318
-1.28066 1.30534
-1.29289 1.29289
2 1.29289
2 2
