-1.29289 1.29289
-1.28066 1.1681
-1.26865 1.04806
-1.25686 0.932486
-1.24529 0.821088
-1.23396 0.713611
-1.22285 0.609816
-1.21199 0.509481
-1.20136 0.412401
-1.19098 0.318385
-1.18085 0.227254
-1.17096 0.138841
-1.16133 0.0529913
-1.15195 -0.0304419
-1.14283 -0.111596
-1.13397 -0.190599
-1.12538 -0.267573
-1.11705 -0.342634
-1.10899 -0.415889
-1.10121 -0.487441
-1.09369 -0.557388
-1.08645 -0.625822
-1.0795 -0.692832
-1.07282 -0.758502
-1.06642 -0.822912
-1.06031 -0.886139
-1.05448 -0.948258
-1.04894 -1.00934
-1.0437 -1.06945
-1.03874 -1.12866
-1.03407 -1.18702
-1.0297 -1.24461
-1.02563 -1.30148
-1.02185 -1.35769
-1.01837 -1.41329
-1.01519 -1.46834
-1.01231 -1.5229
-1.00973 -1.57701
-1.00745 -1.63073
-1.00548 -1.68411
-1.00381 -1.7372
-1.00244 -1.79005
-1.00137 -1.8427
-1.00061 -1.89522
-1.00015 -1.94763
-1 -2
-1 2
-1.00015 1.98255
-1.00061 1.9651
-1.00137 1.94766
-1.00244 1.93024
-1.00381 1.91284
-1.00548 1.89547
-1.00745 1.87813
-1.00973 1.86083
-1.01231 1.84357
-1.01519 1.82635
-1.01837 1.80919
-1.02185 1.79209
-1.02563 1.77505
-1.0297 1.75808
-1.03407 1.74118
-1.03874 1.72436
-1.0437 1.70763
-1.04894 1.69098
-1.05448 1.67443
-1.06031 1.65798
-1.06642 1.64163
-1.07282 1.62539
-1.0795 1.60927
-1.08645 1.59326
-1.09369 1.57738
-1.10121 1.56163
-1.10899 1.54601
-1.11705 1.53053
-1.12538 1.51519
-1.13397 1.5
-1.14283 1.48496
-1.15195 1.47008
-1.16133 1.45536
-1.17096 1.44081
-1.18085 1.42642
-1.19098 1.41221
-1.20136 1.39818
-1.21199 1.38434
-1.22285 1.37068
-1.23396 1.35721
-1.24529 1.34394
-1.25686 1.33087
-1.26865 1.318
-1.28066 1.30534
