-1.292890 1.29289
-1.168100 1.28066
-1.048060 1.26865
-0.932480 1.25686
-0.821080 1.24529
-0.713610 1.23396
-0.609810 1.22285
-0.509480 1.21199
-0.412400 1.20136
-0.318380 1.19098
-0.227250 1.18085
-0.138840 1.17096
-0.052990 1.16133
 0.030441 1.15195
 0.111596 1.14283
 0.190599 1.13397
 0.267573 1.12538
 0.342634 1.11705
 0.415889 1.10899
 0.487441 1.10121
 0.557388 1.09369
 0.625822 1.08645
 0.692832 1.07950
 0.758502 1.07282
 0.822912 1.06642
 0.886139 1.06031
 0.948258 1.05448
 1.009340 1.04894
 1.069450 1.04370
 1.128660 1.03874
 1.187020 1.03407
 1.244610 1.02970
 1.301480 1.02563
 1.357690 1.02185
 1.413290 1.01837
 1.468340 1.01519
 1.522900 1.01231
 1.577010 1.00973
 1.630730 1.00745
 1.684110 1.00548
 1.737200 1.00381
 1.790050 1.00244
 1.842700 1.00137
 1.895220 1.00061
 1.947630 1.00015
 2.000000 1.00000
 2.000000 1.29289
