3.453375285252424 0.6430714202956387
3.4688775769269764 0.7058918124241729
3.4660198492241383 0.5306737819397989
3.5836961040287627 0.4886890437587494
3.4828474215438128 0.4818867166171489
3.498926495442661 0.7675776047661557
3.5205157524962036 0.605049619055
3.445197861814985 0.9512730957895765
3.446002576626852 1.0140283248877373
3.556271103874752 0.850991862557273
3.5466776735379173 0.9968437381677433
3.486401277563921 1.0213530906370216
3.5036440894671466 1.0704822623546386
3.410036236307994 1.0732638506010272
3.3417164654582834 1.1250224209251805
3.2626161288706976 1.1189413296047555
3.090565252117138 1.4110804251574969
3.0445561189221033 1.4698344359673667
3.1096984679131614 1.4378432673953372
3.1118038877292067 1.5455456092383637
3.118806604373629 1.6273836569431652
3.135030607954593 1.7512870857818323
3.1250345234203687 1.6814886166465883
3.0788265670843438 1.7907303666778964
2.3496968849904483 2.0627066958771145
2.5952557664589975 2.0830615127947274
3.006839272755105 2.1175481996806265
2.9217776770633797 2.1102895513990934
2.884411951647169 2.1528519073624652
2.0811341804986387 1.9102487776605974
2.1207650247708774 1.8481005175872551
2.3340625116545812 1.972401509729682
2.2268032261068305 1.9009444143062573
2.010703143379345 1.6437079000957127
1.7304670159511226 1.5314472846293015
1.6995832282887076 1.5501260612921306
1.585993082735908 1.5957180872195913
1.5239857378107269 1.414692960755069
1.4481112686317144 1.4537704890350456
1.3802228143610156 1.3347662756767025
1.2757429746217586 1.4333186673252225
1.2125985213449355 1.451812521166779
1.1214803289990751 1.5564144176735673
1.16043606725301 1.7809221840302287
0.6261889249977677 1.752647141862825
0.547132430842219 1.7936314961147977
0.47861085535469927 1.6430638079962951
0.5340270128818342 1.577016864198102
0.4926749110328721 1.5253574682060278
0.48619870506245977 1.3019110485821002
0.37585083194769786 1.3219480947607773
0.2851961310331349 1.3146174792923824
-0.18431149973599253 1.4567187596466762
-0.35070635451075916 1.5468005376285885
-0.402411590442246 1.430535005711839
-0.2694495548493478 1.2703894521115902
-0.21011101480840105 1.2254270667611782
-0.3341906655775952 1.1027967050187537
-0.4258529793457156 1.1593754213456453
-0.5718204405013876 1.1699491991867612
-0.6662109615725242 1.1385976134586953
-0.9581143549299846 1.1573661324082911
-0.9423200864870116 1.0047100787373116
-0.8958544853707207 0.8783134131571328
-0.7201731301373706 0.7295754356245983
-0.7431778119795294 0.6650823812524767
-0.5785218997771523 0.21411451160104256
-0.5853055611798053 0.3084686428221211
-0.5016469335840568 0.10533726748248703
-0.5073307779432046 -0.294620241426733
-0.6213378141607553 -0.3276351595727363
-0.6723723759520979 -0.43096817707469093
-0.7359596469615363 -0.47700787860571137
-0.8079629996185105 -0.562039522652942
-0.8700659197219001 -0.5767610339861184
-0.9626470507308731 -0.5486604550802365
-1.0097713803165078 -0.9473091130534835
-1.011721887998252 -0.7279511744529481
-1.0294207554606807 -1.0268160900810699
-0.984772027915533 -1.130793804612189
-1.0576199584971269 -1.135001170782152
-0.9889669296853264 -1.2989891013776604
-0.9826068851704173 -1.387049856912971
-0.9532977730212404 -1.4393485746899777
-1.0433422656475821 -1.463386653166232
-1.024926025948421 -1.5493415301155453
-0.9391450865342421 -1.6288444305176
-0.921255986860932 -1.7927463691021002
-0.8338338131355751 -1.8950877783308537
-0.8889508648066138 -1.8444192681988347
-0.6980407224828993 -1.9061418501815695
-0.7875828135935767 -1.9435128934221766
-0.6605892273457449 -1.9563217216674125
-0.5474422287252447 -1.8879215060677117
-0.03718183786728279 -1.7860965544249874
-0.38731816160643595 -1.8590976554018244
-0.25128024808356414 -1.8070263982064665
-0.3133086089539898 -1.838743254107991
-0.10618126534238986 -1.7266477934037638
0.052912430885877416 -1.7165803954388221
0.009316287858683232 -1.6812110534134679
0.1340883134893892 -1.6346165456905748
0.2353882571769434 -1.5840977240001974
0.3371047055284151 -1.5907023803918174
0.3946875538302712 -1.472705904008468
0.5124081793441895 -1.4264858808365746
0.6402839401125197 -1.3735565888195178
1.2976322268597946 -1.272377834266078
1.2862602280165873 -1.3520242862008196
1.3718939199656517 -1.202199968438956
1.3693824753034531 -1.0454423645979052
1.4841416819743576 -1.029247581489233
1.6127744241242572 -1.1649261482703879
2.3004110466075725 -1.4300670702531928
2.1962352902560704 -1.341742076362212
2.3268252285690467 -1.187519127512998
2.277278082608419 -1.116319224796661
2.2716788831527897 -0.9916288913835375
2.262679406698565 -0.9016684985776366
2.4053848861629925 -0.8826869216408466
2.5041835260173606 -0.9333638007003668
2.6923187188546036 -0.9140972053615903
2.919676373052288 -1.0808754720288676
4.143312945557543 -1.0118208938085105
4.227339661864514 -0.7604575669439723
4.234814982444858 -0.6665754972131928
4.202029480764505 -0.6079030672626593
4.199554478386722 -0.6387515686825822
4.154778610070447 -0.5446478759660842
4.249363972666549 -0.6146172927724378
4.122615180774199 -0.48546601811682044
4.147386869982686 -0.4380645744637828
4.098553197951194 -0.4131620898836307
4.112467172527696 -0.32154000043955977
4.117630164217429 -0.283959892757787
3.9637042842377417 -0.17478126415553571
3.7914815418633854 -0.05840497213744934
-0.4407902012480802 -0.24758065130780205
-0.5026799352008973 -0.26793141107635293
-0.5600820939956268 -0.2948166798915575
-0.6752554238853794 -0.36090527817882057
-0.744339390180082 -0.4442870000640011
-0.8332525411164675 -0.5229524524007457
-0.878166275701505 -0.643428269701009
-0.9153262282961773 -0.8783538596584695
-0.9819734889270717 -1.0056984705816618
-0.9912967393122807 -0.9837167459170932
-0.9972414373193007 -1.1966654521857485
-0.9436862217356083 -1.215882491401829
-0.937702464848639 -1.2889930138860666
-0.9477415161240041 -1.3554639431001325
-0.9461987601436002 -1.4161561633653428
-0.9569503421513328 -1.5432273033004202
-0.9815380599898786 -1.5834940277391403
-0.9020964269781981 -1.6537433123087892
-0.7697547571381673 -1.8340667979668157
-0.9612437722586602 -1.8256162237312625
-0.8127231825193844 -1.8232382790951815
-0.02585376374499133 -1.662776875910935
0.0717059904209151 -1.6206987113425027
0.36904158576415347 -1.5511368044232272
0.4410599899708565 -1.4516678585326637
0.7701054760491867 -1.2924377065905364
0.954691278182582 -1.298624377843779
1.0291740631539739 -1.3318732637790216
1.4805738350863025 -1.0196483602189552
1.7815826975930031 -1.2322465024493976
2.199588950701403 -1.208637935164314
2.1770357083451968 -1.2798257979719994
2.1313069207240396 -1.3453996188945208
2.253936090196962 -1.443337023289152
2.1909542463032556 -1.0420605954986222
2.2317865093194102 -0.9395045316314226
4.079871644368793 -1.0955391350680068
4.154783698833445 -0.866779821048477
4.156200228995909 -0.7668711500981249
4.07253421306167 -0.2692705486905228
3.9851816782604628 -0.1339616181870631
3.487885965360265 0.42711818453020195
3.438680887889164 0.5923399276942222
3.4812053666569773 0.5928155099130278
3.505431213905392 0.83038662490818
3.5619177422707793 1.010798260805992
3.3061669670787506 0.9441710401960812
3.2815620135358508 1.040678667874668
3.047488980481206 1.2797532048643339
3.1094401887642342 1.1792190386098453
3.1419952782935905 1.7865299787528817
2.748080084505414 2.1139716535066526
2.455439333133589 2.0033248118768747
2.763713776554737 2.033966118064515
2.51881953185366 2.0148122421438917
2.444781819233076 1.9977988685079615
1.8471639699381153 1.575344700155799
1.5876649466042343 1.4223404393596955
1.3842621419125432 1.3336181372669054
1.2466681919439957 1.4162093469080292
1.2168209609766953 1.4965786532396625
0.8656938464854764 1.999921328086168
0.5592398302662758 1.6564482895067743
0.5914792437668325 1.5893736598672237
0.5271027901513143 1.5346929024742928
0.5476487231079823 1.3979005257993877
0.37073091406790104 1.2513572115827603
0.19862556606490644 1.367599612091774
0.04936493846858474 1.534059444074539
0.03570952442539323 1.684895406615607
-0.340445668188831 1.3858173240071658
-0.22559030477602704 1.313180055912191
-0.20265614960535652 1.168807620270206
-0.3277966398821684 1.169896839851784
-0.9303432048887423 1.1347761638515106
-0.9083649514478606 1.0392736515574525
-0.7975769169443379 0.8203216326508977
-0.6547342767416384 0.7814108630883949
-0.5642268038373135 0.440542962370735
-0.41797460036471445 -0.05404432114509712
-0.5821646374606972 -0.22697205398135262
-0.42704582578161127 0.07353232509400708
-0.5530162016035872 -0.14357594411413896
3.626445279999555 0.13723788187287517
3.594703046656338 0.4130746883582046
3.5601274264690668 0.6834267552961447
3.603629336902431 0.8615790597875164
3.3987421136221148 1.0938051636325243
3.1297892335840407 1.366364737064442
3.1313240820336934 1.640025351071455
3.1181414890928436 1.7225651933300345
3.1126338904606152 1.8849433624892866
2.8988624407778447 2.0193673423077962
2.828755837367369 1.967999258753399
2.0457530028963014 1.61956106814711
1.8918511390816342 1.5880107382154827
1.7765553629435622 1.5307077750854847
1.6603097474744724 1.611397343344586
1.477924434601131 1.5061460334860763
1.2525924848954548 1.5835145386273173
1.067219752335717 1.7992717421482127
0.6791155086225882 1.665562244408222
0.670361340226166 1.6291660489042097
0.46767853155078454 1.6699027836863065
-0.18601999958683021 1.3706143655969114
-0.12462909728583106 1.2525263489914127
-0.30673153196799413 1.2160684216925697
-0.4533875975866768 1.2550140731333834
-0.9038317416967729 1.1611330768012782
-0.7596841646199568 0.8753120581968399
-0.6478374989087653 0.6321391433242219
-0.9860569541034719 -0.8180611495296762
-1.0535832307781594 -0.8898332959155876
-1.0568247404337892 -1.2583311737274274
-0.6215696863907809 -1.8153056450861986
-0.6259987776167395 -1.8720911627129282
-0.555391329071498 -1.822796892966041
-0.40275465378139674 -1.7687410658628941
0.13718817529298916 -1.5931338814451235
0.2874104836189545 -1.5194645132582285
0.5356737004595793 -1.2821143469515741
0.7360273307237845 -1.3048948592116445
0.9091137581256719 -1.3153109641816354
0.8687466398460063 -1.3870182800554134
0.9792625970911311 -1.363805121943508
1.351643097524543 -1.3909266172901602
1.2866039832434337 -1.465936773536603
1.313872465165605 -1.2822890785415813
1.2473216780156149 -1.2221573891847755
1.5955981848038827 -1.1587795219512904
2.106034050422167 -1.1472415027678968
2.308807604862583 -1.130884889033509
2.9478324285192246 -1.0322552572817594
4.2472185185007945 -0.7302637875092184
4.230555306721255 -0.5635056564411718
3.72275805003063 -0.1690086408643563
3.505533500960122 0.36685297679429185
-0.4153468923252543 -0.176671030883788
-0.8936141468755523 -0.5661648331012099
-0.9240091503678691 -1.5269978488826985
-0.20449996534795267 -1.7402687516140984
-0.18150682869993154 -1.7501898740715771
0.5323663063062852 -1.221005616722125
0.7198544949593333 -1.2562262930123258
0.8043167605737034 -1.2575823523727143
0.8056443057452836 -1.3158655577516551
1.1292121787349587 -1.4398720587716334
1.3350047073750382 -1.489335122516613
1.2705535086978856 -1.1461589002654045
2.1185302910196935 -1.2396757622793524
2.3193742120644965 -1.2201392067499381
4.180480051211962 -0.36204072703003387
3.9997927154227213 -0.2164346888189707
3.793873492989356 -0.023266293053211425
3.7938569483630253 0.03116109831206038
3.524641665051879 0.3074127817441492
3.594704027170689 0.6296037837475236
3.586549606474698 0.8881725465774859
3.283317342884445 1.0914990152179629
3.0846052660290106 1.3185685468688118
1.8087269595269948 1.4812479691255622
1.6420267409004858 1.4367630845722617
1.3095140471322522 1.4623254881870347
0.7612189630402585 1.65811032827738
0.053795535954357376 1.6888808332960823
-0.08867026022159313 1.4750834497787961
-0.10130276877110647 1.322359427413172
-0.3557989736817603 1.2476881618346058
-0.38551818984051767 1.267420145660373
-0.8594756892041948 0.9436526470571951
-0.6353784119104735 0.8325192388859678
-0.5540130813926596 0.7008591157298024
-0.5120086153188032 0.6327345119517174
3.041383973424439 2.1304620982642404
2.735619378894462 2.1382064478746914
2.588988990381265 2.0972635992806357
2.466062307357434 2.0680247672348706
2.27433236853272 1.9406769662108883
2.256296766785303 1.9354929900148294
1.7764373690818467 1.7157132128694852
1.8367826262960132 1.7825272011549407
1.9451094387034908 1.8794550276977136
1.902222215387714 1.7640140189339835
1.7356908490726553 1.7166247175929692
1.6891750998929802 1.6478552720923474
1.6929817553467101 1.6370150640327994
1.393106330649657 1.327638345443134
1.158485810310102 1.6213266578392878
1.1280032893171954 1.792554733794998
0.5117366031636925 1.9096895666375062
0.4776760103992577 1.621352436206546
0.3464472226431442 1.2455861573919176
0.053067448858302765 1.4427944234899983
-0.40336072935643835 1.4156947996305822
-0.36627694480239825 1.32142820459564
-0.48684137116527676 1.1106061998112553
-0.6525040133882754 1.1509174803201119
-0.8025865729877961 1.1439002692892144
-0.850813004522113 0.7714494559401187
-0.6302513905311202 0.5840754125192036
-0.6307132738462389 0.44884573264665684
-0.5606665154670454 -0.1004084875901358
-0.6229313090784268 -0.2604970483600919
-0.6641811535314327 -0.32012212454448685
-0.6737136349259447 -0.30874749351207853
-0.7430607700562643 -0.351048906143114
-1.0507675354869528 -0.6235851001166096
-1.0939655744294514 -0.6742424959408568
-1.0875337827063438 -0.768985356842492
-1.0782315831364357 -0.931676844935466
-1.0715004221527828 -1.0608004426996207
-1.0651991159214456 -1.1936285443852976
-1.0365776577209573 -1.3815930237913643
-1.0856058033136966 -1.4429882576995385
-1.0267986338827342 -1.628984606822474
-1.0151935926358564 -1.7205618857317928
-1.002463567526331 -1.8447474998719962
-0.8340275035356964 -1.9363760733830055
0.3636410616680097 -1.421450431543907
0.6349438701848791 -1.314568149420833
0.8843160926928259 -1.2565993500237798
1.2506309533215683 -1.3008911375191319
1.1801559418850216 -1.1864483494721463
1.1978697021622295 -1.3037584999762535
1.3299736940853268 -1.4521304643487103
1.7371443727895945 -1.308435608206879
1.7849044878684783 -1.333380504594555
1.7322269756674369 -1.3002064419766646
1.8363033349290414 -1.3129126684569643
2.33440446981321 -0.9047120629605491
2.9407179080724255 -1.1968671966325815
3.1390467694969875 -1.2613558999233305
4.25995046537692 -0.9122600044293896
4.117729113151777 -0.496031497134311
4.07176568293361 -0.3827944410493061
3.9610999204606814 -0.3346038022647341
3.779012392268851 -0.2166791491345136
3.5766207945016264 -0.03573006247557777
3.5800962914752215 -0.08265835965607739
-0.9876174886452089 -1.2549158232222697
-0.9903586917198115 -1.4846057440231282
-0.85475422106735 -1.7627918911902676
-0.625655740358319 -1.9565165774142366
-0.5104817807552577 -1.906036179408328
-0.07316780353699714 -1.733737218853185
0.5516139839732402 -1.3698904199048507
0.603666836069215 -1.3098029214871705
1.2559748219406188 -1.2568753542544613
1.2522116614260483 -1.2999519000375097
1.6763154137875798 -1.3393705449775422
2.4200613851826684 -0.9364263005630228
2.5080629904233662 -0.9825819116413043
3.2494386764215073 -1.363121702347046
4.130502267113199 -1.0881325573864622
4.146788464444805 -0.5889747554410134
3.5427213153822157 0.24521010836075177
3.5319330650820815 0.29820149202533325
3.5424753563441294 0.26446872322698
3.370819537539459 0.9671216934754698
3.0467306591829946 1.1299173128729358
3.0487933211370555 1.1817695024408197
2.8430205958859234 2.1195321527117525
2.672863237836681 2.005197716592867
2.547996322829525 1.9868426270795183
2.370823179276851 1.9369371668515178
2.1833956997078587 1.8619621463408182
1.9645401159362916 1.8020841299211523
1.9097459139088304 1.8318292338983386
1.6590794920155691 1.5952573522822977
1.4516975461515969 1.2744619840993097
1.3944092847744236 1.267736293481725
1.3102207381768092 1.423101330613523
1.2214880620743545 1.6552097129563803
0.5206023931687143 1.3264620030147745
0.5101857729395869 1.2484953367058467
0.22939262107651817 1.4233980838011977
-0.31295726159396825 1.3362739590858215
-0.4755771470268262 1.1758614817917294
-0.7911873733187427 1.2442977313874701
-0.9030339608533748 1.2372069450659613
-0.9726244610208932 1.0847043764274997
-0.9462064226615707 1.0402033413358285
-0.8668609792270339 0.936125009702452
-0.7455293691537048 0.799796509955493
-0.5771121606520325 0.552370531328923
-0.5084811715474163 -0.07884605842982924
3.557060991543472 0.2223553241644749
3.6066509565377807 1.0190912817300297
3.126458281014051 1.5134566569260888
3.1442243387725277 1.9301523247114294
2.4353807221718866 2.024930753872253
1.713888387384212 1.772344615253767
1.5274094022959996 1.4280999702243888
0.45771397976089245 1.9070380134502667
0.5411474090901314 1.2588246244953876
0.4083287704225217 1.340369579609486
-0.22198568687989284 1.4873708874402525
-0.5915905538444561 1.1735104789901756
-0.7876800403584316 1.1495581868152471
-0.6563947022483221 0.5638844701750197
-0.591024983155275 0.5248033185769952
-0.6163835814840195 0.1549415482592655
-0.5586394099988337 -0.04526557329893727
-0.8327897033862821 -0.4326675780826579
0.8197201817752879 -1.1971651537157313
1.2126628172332778 -1.203685435583091
1.1750836437555439 -1.4040963104956994
1.3189658359962575 -1.625890463303945
1.6019417897404487 -1.4455914170890414
1.6821613651695504 -1.4281390734800845
2.098972544968051 -1.2606587355807453
2.1560299470001834 -1.3434226620088212
2.339292523708151 -1.4008714781729719
2.7612491571584874 -1.4776733123775219
2.8489255338476847 -1.4078739328872012
2.8279937334995298 -1.24333374690552
2.8200646113074996 -1.1609506842695745
2.8979848018217873 -1.196291042245452
3.291263395646455 -1.3626835251806795
4.2363787279085345 -1.2672731626411502
4.266377258255664 -0.992308793200851
4.279449555736412 -0.8311947593510842
4.223276769858299 -0.8347284034709372
4.058681892841156 -0.43833174313078804
3.9051592948338847 -0.31695915701285726
3.791387422709072 -0.28568121842699123
3.6119824191056407 -0.15192846904146265
-0.5018658265104974 0.0025916270129680286
-1.0450643908900972 -0.8807668805730309
0.9517732116051839 -1.2128229446990653
1.064224678589639 -1.107182898473229
1.2276891410050443 -1.13764463504203
1.295775860219869 -1.55554239337242
2.2504491421797796 -1.2981368646482219
2.6997620108115683 -1.4581510945960976
2.8081918801918304 -1.249699530053637
2.8146183431544225 -1.106988300880944
3.093745992372948 -1.2281060967446613
4.1762491330070475 -1.2786924488287736
3.968770623025043 -0.36304773217415764
4.025945636831004 -0.3125760181789616
3.8888368552525265 -0.24582483608806874
3.428452379720213 0.4681752742747205
3.055787191683085 1.0606448839122478
3.131654318560841 1.071439845148344
3.081897835094061 1.0238955807187973
2.999490915610969 2.0402982911180176
3.0472927976297024 2.0331276141105987
2.734138223553235 2.0364528551047396
2.3191905879990946 1.9088749619277285
2.2783285294015823 1.8707918755153203
2.0299319163253218 1.7900948431088326
1.7948726121045098 1.8135602182038415
1.537605267461206 1.3672720654159156
0.5431583527469379 1.953403187160124
-0.6422586965599488 1.2038691530649328
-0.7179722221749802 0.8242304891810648
-0.5613751802791433 0.048648628502466595
3.6137904240158867 0.27183592715290494
3.57748776564424 0.5399120443716141
3.50654111166914 1.12307320873314
3.4260445112651285 1.137681417106777
3.1587620179844786 1.5002903860197854
3.14524744020812 1.5557954685190036
3.0487101284325138 1.8478613456623323
1.1161701231813714 1.454617838408856
1.0537854466072485 1.4463227595548094
0.7002916086688957 1.7238718528179287
0.562683276599121 1.8988858909510498
-0.032124615548835535 1.2935522569285378
-0.5487225070345143 0.397451707018937
0.7845558031632137 -1.3818681139046518
1.1689313393806602 -1.488237085137027
1.238369683640752 -1.533926924741532
1.3280587724425095 -1.070798621623275
1.8763430444778764 -1.2081077650167031
2.3028425303112074 -0.9470163387411038
4.251574371732346 -0.780512010241164
-0.7361322931112939 -0.5235213869729028
-0.808226453180077 -0.5874367531630847
-0.9074551222017682 -0.756021906841877
-0.9228495945932043 -0.8079953453983164
-0.9032372341339033 -1.1112094756949007
-0.8896102435413534 -1.5624732956532346
-0.6844554446366466 -1.8056250287109035
0.14869500696690477 -1.7155680676974354
0.3770287499193952 -1.3606740762176175
0.4968381122020887 -1.2250860746345398
0.6291827898495461 -1.2331519825622497
0.7332927187161826 -1.2520481126202971
0.9493096389777175 -1.3581090564987761
1.0624900451805033 -1.413043831801942
2.088049844167964 -1.1968286278829043
4.153851175104254 -0.7153638340627807
4.218932494434061 -0.496097376941658
4.221489384594379 -0.44615286142417
3.0581262351556218 1.7449838409356606
3.0296998187449447 1.7939788204705343
1.1472342369305957 1.451672955749305
0.6165680803254705 1.86049557976464
0.07938330311559744 1.5829454875938769
0.05955444977750288 1.3683230549179815
-0.21985528988120617 1.3436581173849032
-0.848679511081236 1.3504428262816668
-0.4824180873658477 0.5411388651295574
-0.4383164133171986 0.369050538731588
3.6409106771078585 0.9742257123128056
3.0700691541068417 1.0910557179649651
1.937682770078397 1.9027164778233074
1.8475182166490123 1.7065130169823717
1.866793763645277 1.6595203137030086
1.354898673887952 1.5783441172059722
1.0967215360383902 1.4701067276921305
0.4523352623193799 1.277966315609269
0.23255219238945157 1.3092500735901407
-0.45941191260500025 1.0873499822819772
-0.8053567778131396 0.7081209174217036
-0.7407571063265084 0.6163400960495197
-0.601872680163403 0.11593857913151916
-0.987996701318329 -0.8299433985481673
-1.0429575954449128 -1.3117636709296097
-0.9420808507533867 -1.7197587686779787
-0.8823090536807998 -1.7171370183139543
-0.3383001051136924 -1.768157663888176
0.9826376841339444 -1.2503981367656043
1.8181748880094766 -1.1602107092010043
2.0662360555805597 -1.097238455375286
2.1940321857065515 -1.1545138292491206
2.1780819771394326 -1.516117822065531
2.5749364409963427 -1.682905841111101
2.76435298291801 -1.6106055662927397
4.13720885561182 -1.5143191052578335
4.085097507421097 -1.561819808707174
4.171335081907151 -1.3470673161102478
4.206574564238253 -1.3462771608172077
4.259460205558197 -1.3340695493418233
4.296095702392197 -1.1138583978469836
4.291040022398594 -0.957643478611252
3.6897881585688808 -0.23113478054730424
-0.8512122962713558 -0.7015502601787372
-0.9404090493209099 -1.5968184442065578
1.6404445258484315 -1.2458872751437553
1.6965295954303274 -1.2105358591296846
2.036362355474647 -1.1144768045427285
2.517296041519577 -1.7041467854600634
3.08219190265505 -1.311995323953528
3.4096530531549427 -1.5017631713387813
3.8499963906024437 -1.6510240990081682
4.036078840348992 -1.6013516403828323
4.233999236062292 -1.1912900432211098
4.28440127148764 -1.0650536907403882
4.25515769486905 -0.9380378982379374
4.100682812685097 -0.5364787866240135
3.5002209761260836 0.6625606271074631
3.3998862174993816 0.9354880840559548
3.3216905184417236 0.9106636205736197
3.1934009448232485 0.9546607273679765
3.100476847894781 0.9843488796695989
2.0099718972740543 1.8735872767131583
1.9290172968214896 1.761423892980862
1.9042749955418912 1.674478341570449
1.8725437060404837 1.5309881850605116
1.291618875376212 1.6261335685849043
-0.40561274890890525 1.2058698757317465
-0.6153377475534649 1.0601753820550237
-0.6408862757036456 0.41514530665221305
-0.6095306468065421 0.24555955835271318
3.6243409431177036 0.02098392517573045
3.588567421000386 0.7481342768432557
3.639226693044902 0.8978289641179296
3.3953184238883622 0.9937079530514472
3.129203311554802 1.3000707216046627
3.178844745225555 1.7728412412435857
3.123137198863897 2.0156937757601954
2.6665962103886223 2.0934322277770367
1.4946722754488184 1.2688347696853315
1.1485916356803623 1.5711374214773701
0.5490269154256431 1.4734200719149457
0.3325303985962562 1.3571704239723614
0.08524878314726636 1.4101814697268493
-0.5462674722441587 1.1355465467304027
-0.6878681765600512 1.0953843390205045
-0.8099356597374986 0.749560010117583
-0.6146967866026296 0.6320290453214015
-0.5618617956381051 0.32839982894935293
-0.9385068059384449 -0.6936450543453012
-1.0241508667144696 -1.6625018903297897
-0.861555106560802 -1.8656254640510777
-0.7743056303587847 -1.8954757369482589
0.5273023872907605 -1.3413522063650944
1.8739470270203111 -1.1248047069787899
2.1054696617667 -1.3187892744660983
2.205782181999987 -1.3928261268656965
3.0445603217583983 -1.2117595399920629
3.236628075695543 -1.3782007211886966
3.9770894188281734 -1.6283720121148582
4.168742980277358 -1.5556718437696575
4.247222517236081 -1.271501064894218
4.244089317418042 -1.1519749617855797
3.665595755208924 -0.106198948386959
-1.0100884976045674 -1.0651836633128955
-0.922026853494869 -1.7885454523934143
0.9917504517936735 -1.1413880721644802
1.2445635351152111 -1.5951337005329922
4.168292485872412 -1.4378232804336235
3.1358430372539843 0.9058408842765484
2.9082403973554642 2.039909905412336
1.740580212250832 1.6561377338358534
1.5535887616705477 1.3184767750298694
0.7357353941000766 1.7451819407353237
-0.29031273278407843 1.4635544356282506
-0.5153474921872752 1.2504031324125773
-0.5024793576846531 0.05104962646491059
3.034356856608449 1.4072736102282417
3.0528003954798244 1.5975995763559978
3.0611179217425026 1.9185113737966686
1.7343175422144141 1.5989380786362406
1.6957142240835525 1.4855024556835197
-0.6805820959857218 1.0100595480050292
-0.5889972668690429 0.004042109522610834
-0.9525079127853391 -0.7249763407944362
-0.6622786469092592 -1.8582716401763215
1.018577589606919 -1.1895079000417772
1.1060094638363034 -1.1699629727209278
1.826785671432264 -1.2487198367801728
1.9613943458305099 -1.09236617455065
2.144052456563986 -1.4467478927358832
4.113548975684703 -1.6251749491728957
4.141158579907287 -1.487436317835234
0.5001797612029546 -1.3899636902657342
1.561961139999482 -1.4259757603581598
2.8020933530593033 -1.309642984173708
3.797533640992909 -1.658752761050634
3.9195483323279143 -1.6539313364585162
4.137462810711964 -1.397899489016603
4.243230747865189 -1.087184117223372
4.236871663484708 -1.017792951383984
4.220479651999965 -0.9576548630138552
4.204923924921748 -0.6974642594222589
4.016824566711426 -0.41000282984195213
3.8567416258989264 -0.33604885861039946
3.739670275975607 -0.271878487276899
3.523694090645896 0.08568460676575976
3.4181344489373107 0.5453689062342282
3.244109063190578 0.9178041574441875
1.9939361628325445 1.8253800043127575
-0.6436645683413396 0.3610138438114603
-0.5504920328427891 0.1430283059125554
